1547175600000,89,1678322,1661,184,669388,687,676,308295,327,1200,140774,165,17457,27313,29
1547262000000,89,1680283,2104,184,670192,822,676,309139,384,1205,140980,187,17496,27259,35
1547348400000,89,1695789,2746,184,670060,1007,675,309461,466,1217,140993,232,17509,27252,41
1547434800000,89,1698032,2394,184,670749,886,675,309571,387,1222,140914,182,17532,27250,34
1547521200000,89,1715816,1803,184,672303,807,675,309706,323,1228,140781,154,17547,27266,28
1547607600000,89,1717482,1817,184,672278,747,675,310133,324,1233,140950,165,17560,27194,29
1547694000000,89,1735605,20678,184,675897,3860,675,310537,334,1239,141014,166,17575,27265,29
1547780400000,89,1738872,3556,184,676600,974,675,310916,320,1245,140808,176,17587,27283,30
1547866800000,89,1741076,2228,184,679386,765,675,311521,355,1249,141101,188,17603,27268,32
1547953200000,89,1743611,2569,184,679865,876,675,311689,401,1256,141108,235,17627,27215,36
1548039600000,89,1741856,2405,184,680167,830,675,313224,401,1262,141129,224,17640,27243,34
1548126000000,89,1747765,2838,184,681501,900,675,312980,391,1268,141312,223,17653,27261,33
1548212400000,89,1759959,3958,184,682851,963,675,313137,399,1269,141475,221,17682,27285,33
1548298800000,89,1761740,2460,184,683650,909,675,314088,415,1274,141664,230,17696,27277,35
1548385200000,89,1746440,2710,184,674197,963,677,309537,395,1160,140550,184,15938,27580,21
1548471600000,89,1734741,4115,184,688443,1192,675,315338,428,1280,141756,216,17725,27291,33
1548558000000,89,1741723,7323,184,689226,1552,674,315732,462,1289,141868,254,17734,27270,33
1548644400000,89,1746391,4730,185,687893,1302,673,315827,482,1291,142190,253,17749,27271,35
1548730800000,89,1782013,2882,184,689916,1053,674,315474,422,1275,141771,242,17633,27309,34
1548817200000,89,1786095,3053,184,693690,1410,674,317353,513,1298,142424,309,17784,27491,41
1548903600000,89,1789096,3058,184,693201,1229,674,317835,443,1299,142934,244,17794,27333,35
1548990000000,88,1764697,2976,185,697310,1334,674,318040,454,1303,142846,266,17810,27346,36
1549076400000,88,1778000,3388,185,698109,1152,674,318518,481,1306,143007,246,17829,27326,32
1549162800000,88,1782596,4388,185,699241,1194,674,319052,509,1311,143100,267,18036,27346,41
1549249200000,88,1786206,3639,185,701274,1025,674,320325,503,1326,143123,259,18049,27345,40
1549335600000,87,1810197,3057,186,706565,803,674,319940,461,1331,143384,244,18075,27368,37
1549422000000,87,1808412,3001,186,706451,884,674,321071,481,1339,143627,264,18101,27366,42
1549508400000,87,1816233,3158,186,704908,883,674,321542,449,1344,143763,239,18129,27348,39
1549594800000,87,1819212,3170,186,712479,979,674,321988,421,1348,143862,233,18155,27354,38
1549681200000,87,1810720,4357,186,713764,1185,674,323090,469,1354,144117,263,18219,27358,45
1549767600000,87,1815023,4550,186,714226,1114,674,323688,428,1361,144141,261,18263,27353,42
1549854000000,87,1848641,3784,186,715487,1087,674,324289,445,1366,144275,252,18301,27355,42
1549940400000,87,1834933,3102,186,714642,1033,674,324669,437,1373,144306,257,18329,27295,40
1550026800000,87,1837817,2919,186,716542,1067,674,325542,443,1377,144369,254,18351,27319,40
1550113200000,86,1848739,2777,187,720902,1040,674,326134,419,1383,144605,264,18393,27303,41
1550199600000,86,1851827,3163,187,720169,985,674,326722,400,1390,144512,261,18423,27341,41
1550286000000,86,1869071,3419,187,721712,988,674,327141,413,1396,144792,251,18440,27344,40
1550372400000,86,1873115,3705,187,722462,889,674,326807,458,1400,145049,252,18467,27391,40
1550458800000,86,1847822,3811,187,723304,933,674,327344,427,1407,144994,247,18496,27350,40
1550545200000,86,1889229,3175,187,725481,978,674,328229,424,1416,145071,266,18527,27344,39
1550631600000,86,1854740,3265,187,726337,837,674,328503,406,1420,145401,228,18566,27372,36
1550718000000,86,1886375,2336,187,727685,731,674,328299,409,1421,145509,196,18589,27360,32
1550804400000,86,1888548,2093,187,728335,807,674,329300,384,1427,145505,194,18621,27306,31
1550890800000,86,1890946,2286,187,728205,941,674,329587,452,1434,145666,215,18642,27345,34
1550977200000,86,1894309,3204,187,729209,1024,674,330689,499,1439,145677,252,18675,27305,39
1551063600000,86,1910454,3084,187,728282,770,674,331397,356,1444,145892,202,18707,27292,32
1551150000000,86,1909279,2744,187,730551,586,673,331715,286,1457,145837,163,18714,27281,26
1551236400000,86,1911473,2377,187,732073,690,674,331818,309,1460,145827,164,18723,27317,29
1551322800000,86,1915518,2000,187,732663,708,674,332052,330,1467,145728,172,18745,27320,28
1551409200000,86,1917766,2525,187,737833,743,674,332793,404,1470,145792,200,18757,27340,35
1551495600000,86,1919227,2200,187,738521,692,674,332956,321,1474,146034,171,18776,27313,28
1551582000000,86,1922415,3268,187,739551,1020,674,333446,441,1479,146048,233,18788,27302,38
1551668400000,86,1923612,2504,187,739456,901,674,333984,417,1482,146152,218,18814,27310,38
1551754800000,86,1925188,1711,187,739580,581,674,335138,287,1484,146329,152,18825,27369,26
1551841200000,86,1927579,1800,187,738409,618,674,335289,303,1490,146262,155,18849,27328,28
1551927600000,86,1935073,1971,187,741392,599,674,335480,300,1494,146354,149,18864,27304,27
1552014000000,86,1928299,1924,187,742595,596,674,335305,310,1499,146442,160,18878,27340,26
1552100400000,86,1913025,2881,186,740139,763,675,337204,354,1500,146709,196,18890,27480,31
1552186800000,86,1916836,4008,186,745008,1019,675,337381,429,1512,146738,256,18998,27385,42
1552273200000,86,1920156,3562,185,746337,828,676,337162,356,1515,146781,205,19007,27387,34
1552359600000,86,1948771,1939,185,747725,601,676,337857,278,1519,146983,157,19016,27454,27
1552446000000,86,1945972,2123,185,747026,591,676,338440,302,1522,146642,164,19027,27454,27
1552532400000,86,1946746,1844,185,747853,627,676,338286,309,1531,146521,168,19041,27386,30
1552618800000,86,1948382,1672,185,746324,739,676,338943,304,1533,146660,174,19061,27383,29
1552705200000,86,1930256,2627,185,747642,835,676,339491,382,1540,146873,205,19095,27366,35
1552791600000,86,1933619,3467,185,748207,1056,676,339534,438,1545,146990,260,19113,27367,43
1552878000000,86,1936212,2634,185,752449,804,676,339738,368,1550,147107,218,19143,27353,34
1552964400000,86,1960035,1631,185,750340,615,676,340253,311,1553,147334,171,19166,27344,28
1553050800000,86,1961511,1492,185,752116,636,676,341074,319,1557,147380,173,19192,27357,29
1553137200000,86,1969403,1629,185,750868,600,676,341156,305,1558,147462,169,19221,27413,29
1553223600000,86,1958437,1776,186,752234,654,675,340618,302,1562,147697,181,19248,27412,29
1553310000000,86,1932661,2245,186,753084,782,675,341342,396,1572,147356,224,19270,27374,37
1553396400000,86,1976732,3160,186,752827,1022,675,341828,522,1581,147571,296,19307,27313,44
1553482800000,86,1951162,2475,186,754477,761,675,342169,377,1583,147684,217,19317,27483,34
1553569200000,86,1952932,1900,186,757085,611,675,342701,332,1585,147869,205,19356,27517,32
1553655600000,86,1954621,1796,186,756807,698,675,343706,303,1590,147846,190,19380,27405,28
1553742000000,86,1968707,1938,186,758306,660,675,343483,309,1594,147983,190,19401,27392,28
1553828400000,86,1958333,1929,186,759662,646,675,344105,328,1601,148200,190,19418,27391,29
1553914800000,86,1960735,2434,186,757731,805,675,344309,413,1611,147980,239,19438,27368,37
1554001200000,86,1964107,3356,186,760618,984,675,344431,474,1614,148237,287,19477,27367,44
1554087600000,87,1968699,2855,185,758794,937,675,344943,406,1614,148577,233,19507,27425,37
1554174000000,87,1960119,2013,184,758621,619,676,346188,335,1618,148646,201,19536,27465,31
1554260400000,87,1984642,1755,184,759306,554,676,345635,287,1621,148822,167,19569,27518,28
1554346800000,87,1986698,2228,184,762427,577,676,345724,346,1628,148559,201,19594,27486,36
1554433200000,87,1983017,2948,184,761843,894,676,347248,486,1633,148821,265,19633,27398,43
1554519600000,87,1971098,3922,184,760499,1087,676,347564,540,1640,149022,290,19657,27382,45
1554606000000,87,2007931,4100,184,767400,1048,676,348467,494,1643,149234,282,19697,27411,45
1554692400000,87,2010945,2910,184,768102,880,676,349173,406,1646,149374,222,19714,27433,37
1554778800000,87,2012946,1968,184,770248,588,676,349033,334,1646,149739,184,19744,27453,31
1554865200000,87,1973215,1949,184,767924,555,676,349972,313,1649,149783,189,19780,27469,31
1554951600000,87,1975160,2018,184,771504,624,676,350434,359,1656,150003,200,19791,27456,33
1555038000000,87,2010062,2158,184,772338,688,676,350352,390,1658,150245,200,19814,27457,33
1555124400000,87,2005770,2845,184,769550,791,676,350756,494,1660,150557,228,19855,27477,39
1555210800000,87,2024404,3937,184,771267,1038,676,351115,677,1666,150523,296,19894,27452,47
1555297200000,86,2036576,3620,185,776632,907,676,352100,516,1672,150797,225,19926,27416,37
1555383600000,86,2038990,2514,185,779513,755,676,352433,417,1679,150813,186,19947,27465,30
1555470000000,86,2040957,2005,185,780160,709,676,353633,398,1679,150964,179,19974,27480,30
1555556400000,86,2042981,2078,185,778220,820,676,355057,420,1687,151111,185,19992,27496,31
1555642800000,86,2045276,2330,185,781094,871,676,354667,459,1694,150951,209,20020,27456,35
1555729200000,86,2050407,3347,185,781660,955,676,355063,571,1699,151121,255,20046,27445,42
1555815600000,86,2054762,4221,185,782726,1056,676,356135,657,1708,151429,302,20072,27474,49
1555902000000,86,2057881,2988,185,783876,839,676,357012,506,1714,151531,232,20104,27461,38
1555988400000,86,2056152,2462,185,783476,673,676,357073,401,1718,151662,192,20131,27486,31
1556074800000,86,2058624,2455,185,785067,622,675,357698,363,1721,151623,182,20160,27546,30
1556161200000,86,2060550,1962,185,785005,535,675,358263,350,1728,151856,170,20175,27522,26
1556247600000,86,2062597,2096,185,786220,666,675,358311,371,1735,151799,211,20199,27563,33
1556334000000,86,2064960,2346,185,785585,913,675,359595,405,1739,151967,231,20236,27548,37
1556420400000,86,2067461,2516,185,786142,884,675,359643,425,1745,152228,229,20269,27561,35
1556506800000,86,2069339,1895,185,787765,625,675,360078,320,1750,152170,201,20289,27507,30
1556593200000,86,2070408,1926,185,792087,700,675,360108,329,1754,151970,204,20320,27491,31
1556679600000,86,2073240,2699,185,792739,935,675,360760,449,1762,152255,246,20358,27538,39
1556766000000,86,2054353,3750,185,793785,1198,675,361897,536,1765,152450,266,20391,27519,40
1556852400000,86,2049445,3340,185,792359,1176,674,362396,519,1770,152781,252,20420,27498,40
1556938800000,86,2053013,3319,185,796121,1125,674,362570,528,1777,152722,268,20457,27471,41
1557025200000,86,2055654,2481,185,797022,897,674,363445,449,1783,153093,235,20493,27506,34
1557111600000,86,2057834,2057,185,796547,818,674,363534,442,1785,153555,216,20529,27558,34
1557198000000,86,2092931,1640,185,796639,600,674,363733,348,1789,153505,172,20542,27564,28
1557284400000,86,2105503,1850,185,798822,645,674,364638,387,1792,153545,190,20582,27545,32
1557370800000,86,2107309,1761,185,799197,553,674,366000,376,1797,153727,177,20629,27562,31
1557457200000,85,2113844,1737,186,802359,663,673,365670,406,1807,153687,178,20657,27513,31
1557543600000,85,2115902,1925,186,804596,801,674,366491,459,1811,153688,193,20687,27517,32
1557630000000,85,2086843,3018,186,803981,1053,673,367033,633,1821,153992,302,20731,27463,48
1557716400000,85,2117237,2235,186,807379,988,673,367616,460,1828,153915,214,20761,27502,35
1557802800000,85,2119384,2129,186,808218,843,673,368355,396,1830,154195,176,20780,27522,30
1557889200000,85,2108603,2185,186,802336,798,673,368960,392,1835,154359,191,20814,27476,32
1557975600000,85,2124636,2196,186,810739,857,673,369329,406,1843,154220,203,20843,27478,32
1558062000000,85,2118836,1989,186,811724,983,673,370179,396,1850,154363,208,20868,27453,32
1558148400000,85,2121275,2389,186,812884,1133,673,371417,512,1853,154452,243,20893,27517,39
1558234800000,85,2141184,3621,186,810585,1319,673,371436,641,1860,154319,299,20939,27491,46
1558321200000,85,2148203,3630,187,813959,915,672,371866,486,1863,154750,216,20958,27527,35
1558407600000,85,2139776,1964,187,814634,662,672,372793,374,1865,155003,176,20988,27534,27
1558494000000,85,2143089,1861,187,814971,806,672,373331,396,1866,155054,181,21023,27527,29
1558580400000,86,2135062,2121,186,813768,768,672,372556,395,1867,155498,177,21058,27548,30
1558666800000,86,2137162,1955,186,813372,798,672,373703,381,1872,155325,173,21070,27568,30
1558753200000,86,2129248,2348,186,815468,906,673,373669,483,1876,155509,192,21101,27534,32
1558839600000,86,2129690,3436,186,816801,1327,672,373935,699,1880,155602,288,21148,27524,50
1558926000000,86,2146343,2768,186,816686,1103,673,375345,540,1886,155793,219,21176,27532,37
1559012400000,86,2152670,1924,186,816844,957,673,376081,434,1887,156038,172,21204,27577,30
1559098800000,86,2154607,1914,186,818247,939,673,376332,419,1889,156347,177,21229,27601,29
1559185200000,86,2155404,1700,186,816242,770,673,376790,420,1893,156326,172,21264,27549,31
1559271600000,86,2144471,1893,186,820072,764,673,377371,417,1898,156473,177,21293,27543,30
1559358000000,86,2146657,2042,186,819360,902,673,377474,492,1904,156281,203,21318,27553,34
1559444400000,86,2145472,2570,186,821950,920,673,377904,584,1908,156608,233,21351,27575,40
1559530800000,86,2161303,2010,186,821987,822,673,378511,478,1915,156247,191,21374,27561,33
1559617200000,86,2162877,1538,186,822674,656,673,379458,352,1916,156623,153,21412,27591,28
1559703600000,86,2164635,1748,186,823500,811,673,380359,351,1925,156766,159,21428,27592,28
1559790000000,86,2164414,2070,186,824380,858,673,380400,414,1927,156961,172,21470,27563,32
1559876400000,85,2186571,3615,187,830525,1118,673,382116,608,1933,157164,205,21514,27530,38
1559962800000,85,2160031,3832,187,831326,1394,673,382964,679,1938,157123,219,21563,27482,40
1560049200000,85,2163835,3756,187,834465,1417,673,382391,671,1946,157127,212,21615,27527,39
1560135600000,85,2192227,3605,187,834261,1218,673,383885,573,1951,157232,192,21642,27515,33
1560222000000,85,2194994,2844,187,837850,1044,673,384311,436,1957,157345,158,21679,27551,28
1560308400000,85,2199931,2989,187,839446,1163,673,384989,454,1962,157640,180,21727,27514,30
1560394800000,85,2202817,2922,187,840948,1088,673,385350,431,1965,157670,185,21769,27522,30
1560481200000,85,2212634,3056,187,837968,1131,673,385616,451,1968,157438,192,21782,27508,31
1560567600000,85,2215969,3293,187,839281,1253,673,386642,539,1971,157700,219,21812,27520,34
1560654000000,85,2211531,4566,187,841207,1250,673,387664,620,1976,157976,246,21850,27512,36
1560740400000,85,2223697,3642,187,845359,1210,673,387477,526,1983,157955,223,21882,27489,34
1560826800000,85,2226507,2806,187,845191,1037,673,387793,433,1990,157918,172,21918,27497,29
1560913200000,85,2229227,2737,187,851377,1068,673,388732,439,1996,158152,180,21952,27455,29
1560999600000,86,2221348,2787,186,846491,1218,673,389214,463,1998,158247,181,21985,27482,30
1561086000000,86,2224420,3052,186,849964,1217,672,389964,453,2003,158378,176,22041,27492,30
1561172400000,86,2197013,3964,186,847102,1332,672,390611,536,2008,158533,193,22067,27464,34
1561258800000,86,2201686,4495,186,850789,1472,672,391252,612,2015,158653,210,22111,27462,38
1561345200000,86,2236781,3350,186,849085,1349,672,392202,519,2020,158512,188,22148,27486,33
1561431600000,86,2248977,3063,186,854272,1128,672,392478,437,2027,158926,173,22172,27479,30
1561518000000,85,2221942,3647,187,860817,1095,672,391560,475,2032,158977,176,22214,27478,31
1561604400000,85,2226130,4452,187,859423,1173,672,392723,512,2035,158897,192,22259,27469,31
1561690800000,85,2229753,3805,187,859734,987,672,393423,437,2036,159046,183,22298,27451,30
1561777200000,85,2234053,4427,187,864146,1133,672,394750,477,2039,159046,194,22346,27440,32
1561863600000,86,2229005,5331,186,861154,1137,672,395708,574,2047,159138,216,22386,27416,36
1561950000000,86,2233628,4907,186,861519,1149,672,396393,530,2055,159573,206,22419,27402,33
1562036400000,86,2270407,4270,186,864090,1097,672,395931,474,2060,159291,190,22449,27417,33
1562122800000,86,2284258,3791,186,864007,1105,672,396685,463,2065,159537,187,22481,27376,32
1562209200000,85,2281529,4286,187,867528,1134,672,397638,499,2069,159609,196,22529,27396,33
1562295600000,85,2285516,3934,187,872462,1079,672,398508,519,2074,159988,193,22555,27384,32
1562382000000,86,2279162,4426,186,869374,1060,672,399016,534,2084,159928,205,22588,27374,33
1562468400000,86,2302297,4693,186,870846,1277,672,400157,583,2089,160084,225,22636,27372,36
1562554800000,86,2288516,4557,186,872065,1207,672,399877,558,2097,160292,216,22670,27381,35
1562641200000,86,2293187,4681,186,877204,1323,672,400937,561,2102,160326,197,22706,27394,34
1562727600000,87,2306583,4247,185,872486,1174,672,401776,539,2107,160496,196,22745,27374,34
1562814000000,87,2291054,4231,185,876257,1203,672,402711,559,2111,160551,196,22785,27382,35
1562900400000,87,2295248,4102,185,877527,1205,672,403180,577,2119,160704,208,22830,27376,35
1562986800000,87,2276645,4231,185,876463,1321,672,404284,551,2128,160863,203,22872,27337,36
1563073200000,87,2322918,4169,185,879478,1247,672,405324,599,2134,160872,210,22917,27313,37
1563159600000,87,2307905,4221,185,881974,1255,672,404358,593,2138,161053,216,22962,27320,37
1563246000000,87,2311896,3931,185,881884,1191,672,405294,593,2143,161269,215,23011,27323,36
1563332400000,87,2336000,4582,185,882736,1087,672,406882,576,2150,161485,209,23014,27434,36
1563418800000,87,2341065,4994,185,883820,1193,673,407768,556,2152,161408,195,22975,27563,34
1563505200000,87,2347006,5026,185,883641,1320,673,407757,541,2153,161366,203,22951,27539,35
1563591600000,87,2331725,4947,185,887674,1281,673,408650,580,2156,161367,208,23006,27340,38
1563678000000,87,2360015,5533,185,892262,1439,673,408757,663,2160,161684,214,23034,27358,39
1563764400000,87,2364734,4722,185,892834,1425,673,408890,620,2164,161593,214,23100,27370,39
1563850800000,87,2369054,4205,185,893797,1357,673,410385,600,2165,161887,210,23136,27393,40
1563937200000,87,2373462,4433,185,895085,1286,673,410722,584,2172,161845,214,23195,27385,39
1564023600000,87,2366636,4394,185,889234,1159,673,411442,553,2175,162099,204,23226,27386,38
1564110000000,87,2387223,4714,185,900197,1166,673,411970,542,2182,162225,208,23271,27369,38
1564196400000,87,2345562,5231,185,898048,1156,673,412403,557,2190,162305,208,23319,27344,38
1564282800000,87,2393645,5136,185,903348,1171,673,413208,604,2197,162241,219,23370,27322,39
1564369200000,87,2376931,4802,185,903956,1162,673,414313,609,2202,162425,216,23432,27327,40
1564455600000,87,2383350,4010,185,901448,1195,673,415369,564,2215,162973,209,23517,27273,38
1564542000000,87,2384446,3990,185,904968,1233,673,415259,584,2217,162883,216,23537,27290,37
1564628400000,87,2388666,4105,185,902908,1217,673,415370,587,2224,162855,217,23590,27279,37
1564714800000,87,2412424,4328,185,908836,1544,673,417910,628,2233,162873,226,23639,27283,38
1564801200000,87,2397523,3905,185,913062,1600,673,417924,616,2241,163289,229,23693,27251,37
1564887600000,87,2403764,4391,185,908893,1715,673,418915,647,2249,162751,228,23734,27241,39
1564974000000,87,2408173,4326,185,913674,1564,673,419522,632,2254,163022,231,23787,27216,39
1565060400000,87,2412762,4462,185,916293,1466,673,421326,586,2259,163001,221,23821,27259,37
1565146800000,87,2418086,5365,185,917944,1318,673,422007,654,2266,163463,221,23879,27209,36
1565233200000,87,2423777,5642,185,919416,1297,673,422512,642,2267,163584,210,23920,27250,35
1565319600000,87,2429231,5432,185,921830,1461,673,423239,634,2274,163808,216,23971,27209,37
1565406000000,87,2435379,6059,185,921686,1433,673,423762,657,2281,163858,225,24017,27196,37
1565492400000,87,2441059,5625,185,922517,1470,673,424639,611,2285,163903,230,24047,27207,36
1565578800000,87,2446332,5122,185,920782,1466,673,425666,546,2291,163935,211,24091,27242,36
1565665200000,87,2451245,4737,185,926739,1457,673,426085,568,2303,163769,228,24132,27211,37
1565751600000,87,2449395,4968,185,928715,1494,673,426943,602,2312,163888,216,24197,27166,37
1565838000000,87,2454309,4505,185,928859,1493,673,426960,585,2319,164175,222,24248,27159,38
1565924400000,87,2491069,4295,185,931655,1435,673,427182,577,2324,164153,226,24307,27155,37
1566010800000,87,2483242,4427,185,934267,1659,672,427950,590,2327,164581,229,24346,27191,37
1566097200000,87,2495605,4488,184,935904,1590,673,429117,619,2335,164356,245,24393,27165,39
1566183600000,87,2482182,4523,184,937433,1669,673,430084,620,2341,164849,243,24444,27165,40
1566270000000,87,2497622,4110,184,939371,1596,673,431579,598,2342,164986,220,24410,27377,39
1566356400000,87,2524155,3904,184,942335,1636,673,431868,614,2348,165203,227,24439,27365,39
1566442800000,87,2535633,4488,184,940587,1823,673,433042,599,2352,165344,223,24488,27206,38
1566529200000,87,2496997,4399,185,942677,1829,672,433863,565,2357,165411,221,24551,27157,38
1566615600000,87,2497187,4215,185,946168,1713,672,434259,581,2363,165465,230,24602,27139,37
1566702000000,87,2501916,4695,185,946123,1659,672,434565,585,2367,165469,233,24657,27185,39
1566788400000,87,2538307,3951,185,949239,1580,672,434277,559,2374,165648,227,24708,27180,38
1566874800000,87,2521736,3696,185,950417,1525,673,434904,549,2380,165999,229,24763,27173,38
1566961200000,87,2521490,3714,185,950654,1574,673,435964,566,2387,166048,233,24812,27143,37
1567047600000,87,2525542,3901,185,952297,1598,673,437020,580,2393,166207,230,24858,27125,36
1567134000000,87,2529481,3745,185,953767,1609,673,437855,579,2400,166118,219,24899,27103,36
1567220400000,87,2527409,3627,185,957700,1577,673,438191,532,2404,166442,211,24937,27109,34
1567306800000,87,2579883,3493,185,960350,1557,673,439171,593,2409,166529,212,24988,27096,33
1567393200000,87,2582671,2793,185,956281,1286,673,439777,444,2414,166752,174,25015,27139,27
1567479600000,87,2584797,2143,185,957175,921,673,440101,359,2417,166877,143,25053,27142,24
1567566000000,87,2595507,2285,185,960217,980,673,440867,395,2421,166748,151,25076,27162,25
1567652400000,87,2587352,2600,185,963066,983,673,440486,386,2425,166651,157,25098,27137,25
1567738800000,87,2590191,2795,185,964042,1079,673,440843,443,2426,166929,177,25128,27126,26
1567825200000,87,2594381,3980,185,965494,1472,673,441812,623,2431,166983,234,25160,27114,34
1567911600000,87,2569728,4403,185,966733,1536,673,442633,632,2440,167022,235,25186,27137,35
1567998000000,87,2586020,3505,184,970910,1448,674,443460,546,2446,167371,213,25212,27151,30
1568084400000,87,2567013,2427,184,974065,985,674,443818,388,2451,167371,154,25249,27129,24
1568170800000,87,2611806,2494,184,973736,1033,674,444217,426,2451,167638,156,25285,27183,25
1568257200000,87,2609191,2604,184,973428,1047,674,445300,459,2454,167667,160,25325,27180,26
1568343600000,87,2575894,3857,184,974838,1480,674,447040,706,2458,167612,215,25358,27185,34
1568430000000,87,2575029,4296,184,975313,1810,674,447824,726,2467,167681,264,25385,27165,37
1568516400000,87,2628561,4334,184,978589,1816,674,448443,679,2477,167992,259,25422,27132,37
1568602800000,87,2610515,3181,184,978571,1345,674,448676,533,2484,168269,205,25448,27154,29
1568689200000,87,2584135,2048,184,979256,992,674,449647,378,2486,168367,150,25487,27172,25
1568775600000,87,2615466,2514,184,980532,1018,674,450089,392,2488,168299,152,25469,27374,23
1568862000000,87,2629303,2765,184,982650,1115,674,449513,416,2492,168315,176,25498,27189,26
1568948400000,87,2597781,2648,184,983366,1041,674,450103,423,2498,168327,176,25518,27160,25
1569034800000,87,2600758,3102,184,982858,1232,674,450791,495,2502,168364,191,25556,27204,30
1569121200000,87,2604688,3866,184,983785,1763,674,451904,716,2508,168672,258,25592,27191,37
1569207600000,87,2607955,3243,184,986894,1292,674,452529,564,2512,168461,204,25623,27177,29
1569294000000,87,2609905,1943,184,985933,840,674,453480,380,2523,168423,158,25642,27137,25
1569380400000,87,2627806,2413,184,990556,922,674,453373,391,2528,168725,159,25671,27185,25
1569466800000,87,2630107,2368,184,988191,1088,674,454277,411,2532,168636,165,25702,27178,26
1569553200000,87,2632567,2587,184,989183,1029,674,454171,433,2539,168812,165,25728,27181,25
1569639600000,87,2657587,3409,184,991899,1185,674,455380,497,2544,168866,195,25778,27194,30
1569726000000,87,2639147,3393,184,991110,1248,674,454560,550,2549,169056,217,25819,27162,31
1569812400000,87,2671067,2927,184,992066,1047,674,456390,468,2551,169185,188,25844,27213,28
1569898800000,87,2646151,3968,184,1001870,1435,674,457392,636,2554,169525,230,25885,27169,33
1569985200000,87,2651139,5126,184,1001983,1902,674,459062,760,2565,169749,286,25927,27182,38
1570071600000,87,2636512,4018,184,1004262,1597,674,459687,678,2573,169800,276,25970,27153,40
1570158000000,87,2684288,4673,184,1005609,1816,674,460402,737,2577,170188,268,26005,27192,39
1570244400000,87,2697555,4696,184,1006467,1930,674,460755,744,2579,170153,261,26078,27166,39
1570330800000,87,2702703,5015,184,1009511,1778,674,462262,749,2583,170161,259,26117,27190,40
1570417200000,87,2706862,4077,184,1013555,1651,674,461893,702,2589,170503,256,26163,27176,39
1570503600000,87,2709556,2709,184,1007160,1109,674,462955,513,2594,170446,201,26202,27206,32
1570590000000,87,2712233,2726,184,1012185,837,674,463413,396,2601,170505,155,26223,27194,25
1570676400000,87,2715064,2998,184,1013056,863,674,464236,416,2608,170964,162,26242,27182,25
1570762800000,87,2717333,2498,184,1015306,796,674,465079,385,2616,170830,161,26272,27180,27
1570849200000,87,2705201,3207,184,1014722,892,674,465857,472,2620,170663,172,26305,27213,26
1570935600000,87,2708404,3425,184,1017458,1133,674,466356,620,2625,170994,209,26359,27226,34
1571022000000,87,2711504,3208,184,1019190,1190,674,466771,594,2628,171157,201,26401,27173,30
1571108400000,87,2708440,2136,184,1019465,873,674,467111,409,2629,171353,147,26401,27277,24
1571194800000,87,2730828,2010,184,1018938,806,674,468051,376,2631,171534,149,26417,27280,24
1571281200000,87,2741249,2172,184,1018002,849,674,469052,400,2633,171492,155,26453,27213,25
1571367600000,87,2734998,2292,184,1020301,745,674,468933,378,2642,171736,152,26470,27245,24
1571454000000,87,2729932,2498,184,1022967,1012,674,470223,460,2646,171851,185,26523,27235,30
1571540400000,87,2697108,3729,183,1024279,1369,675,470258,581,2648,172075,228,26559,27259,34
1571626800000,87,2747343,2959,183,1025078,1135,675,470404,463,2652,172013,185,26595,27215,26
1571713200000,87,2749672,2517,183,1026176,809,675,471203,353,2661,172094,143,26629,27224,23
1571799600000,87,2748643,2204,183,1025057,820,675,472453,375,2665,171986,156,26658,27226,25
1571886000000,87,2706842,2264,183,1023557,824,675,472752,368,2669,172144,159,26691,27224,24
1571972400000,87,2746962,2046,183,1031165,895,675,473058,397,2677,172220,151,26713,27212,24
1572058800000,87,2749354,2369,183,1033368,1240,675,473014,533,2680,172227,196,26749,27251,30
1572145200000,87,2714556,3097,183,1033555,1436,675,474277,636,2686,172539,232,26770,27198,31
1572231600000,87,2716970,2416,183,1037669,1279,675,474995,513,2697,172630,197,26793,27224,29
1572318000000,88,2749855,1800,182,1033185,899,675,475807,371,2703,172639,152,26813,27237,23
1572404400000,88,2762973,2146,182,1037863,883,675,476353,401,2707,173062,155,26846,27236,24
1572490800000,87,2767447,1858,183,1039958,891,675,477130,389,2711,172782,154,26866,27221,21
1572577200000,87,2774633,2119,183,1034997,948,675,477039,430,2725,172683,172,26894,27208,23
1572663600000,87,2774418,2674,183,1039492,1301,675,478758,546,2729,172504,186,26919,27226,24
1572750000000,87,2777657,3304,183,1042990,1698,675,479217,644,2736,172837,240,26959,27261,34
1572836400000,87,2789860,2814,183,1041583,1357,675,478734,533,2740,172984,195,26999,27191,24
1572922800000,87,2791926,2112,183,1049570,1314,675,478930,400,2741,173155,160,27041,27183,22
1573009200000,87,2794839,2399,183,1050508,1282,675,480389,445,2746,173288,161,27071,27151,23
1573095600000,87,2796987,2222,184,1046830,1330,674,479693,421,2747,173580,167,27117,27166,24
1573182000000,87,2798734,2421,184,1051169,1370,674,480290,454,2753,173509,168,27147,27161,24
1573268400000,87,2798081,3207,184,1051805,1768,674,480463,515,2756,173729,202,27154,27257,28
1573354800000,87,2802107,4206,184,1054635,2051,674,483141,693,2762,173700,250,27203,27176,33
1573441200000,87,2750505,2981,184,1057312,1543,674,483377,516,2769,173958,186,27229,27174,23
1573527600000,87,2807645,2056,184,1056278,1062,674,483693,385,2771,174091,148,27250,27190,20
1573614000000,87,2818376,2269,184,1059785,1192,674,484080,430,2774,174289,174,27280,27225,25
1573700400000,87,2778191,2308,184,1055903,1145,674,485208,438,2782,174321,167,27305,27225,22
1573786800000,87,2777074,2311,184,1057526,1196,674,486988,441,2790,174350,169,27331,27225,23
1573873200000,87,2779898,2811,184,1064658,1423,674,486517,537,2792,174339,201,27358,27243,28
1573959600000,87,2817587,3753,184,1063130,1704,674,488008,755,2798,174611,258,27395,27237,35
1574046000000,87,2790863,3206,184,1062967,1406,675,487745,615,2798,174482,201,27437,27198,26
1574132400000,87,2793160,2347,184,1065279,1024,675,488027,448,2804,174389,158,27461,27220,23
1574218800000,87,2795240,2180,184,1064187,910,675,488717,445,2807,174743,150,27484,27225,21
1574305200000,87,2797549,2398,184,1068995,1039,675,489397,522,2813,175061,159,27513,27237,23
1574391600000,87,2799829,2246,184,1070644,1137,675,490525,458,2815,175185,160,27547,27246,23
1574478000000,87,2802695,2755,184,1075056,1435,675,491537,573,2820,174967,196,27581,27244,28
1574564400000,88,2792322,3483,183,1072192,1915,675,492111,785,2829,175176,251,27624,27216,33
1574650800000,88,2805238,3050,183,1071451,1561,675,492489,626,2833,175264,210,27655,27173,26
1574737200000,88,2837115,2299,183,1076440,1171,675,493169,462,2836,175508,158,27697,27227,23
1574823600000,88,2844784,2256,183,1076278,1119,675,493449,459,2840,175711,156,27729,27243,22
1574910000000,88,2841613,2611,183,1077293,1112,675,494095,459,2843,176052,159,27767,27259,23
1574996400000,88,2849551,2294,183,1079023,1166,675,494450,426,2843,176193,153,27794,27240,22
1575082800000,88,2830938,2575,183,1078692,1509,675,495241,560,2852,176345,202,27825,27256,29
1575169200000,88,2847174,3916,183,1080851,1759,675,496889,728,2857,176309,255,27860,27251,33
1575255600000,88,2826100,2881,183,1085569,1595,675,496749,596,2863,176139,215,27888,27196,26
1575342000000,88,2855441,2257,183,1083902,1133,675,497358,465,2863,176510,156,27922,27232,22
1575428400000,88,2854215,2357,183,1087151,1249,675,498196,436,2868,176866,160,27952,27258,23
1575514800000,88,2844214,2210,183,1089717,1167,675,498543,453,2871,177152,159,27980,27268,23
1575601200000,88,2859067,2923,183,1087698,1072,675,499799,462,2874,177002,159,28015,27270,23
1575687600000,88,2862207,3199,183,1094057,1336,675,499303,567,2884,177168,190,28045,27251,28
1575774000000,88,2811530,3802,183,1092514,1758,675,501059,708,2891,176824,246,28079,27253,33
1575860400000,88,2869085,3234,183,1098788,1615,675,501893,590,2901,177173,209,28109,27240,26
1575946800000,88,2871258,2307,183,1100211,1187,675,502104,448,2905,177188,165,28133,27228,22
1576033200000,88,2873536,2367,183,1101324,1163,675,502773,423,2907,177170,164,28170,27252,23
1576119600000,88,2875757,2331,183,1102427,1154,675,503082,417,2910,177363,146,28165,27401,21
1576206000000,88,2878432,2797,183,1103535,1144,674,504348,429,2914,177594,154,28190,27306,22
1576292400000,88,2882093,3843,183,1104997,1500,674,503717,556,2923,177633,202,28222,27310,29
1576378800000,88,2886531,4588,183,1106078,1718,674,506364,754,2928,177611,250,28265,27284,33
1576465200000,88,2890040,3705,183,1109579,1530,674,507065,620,2932,177875,202,28297,27263,26
1576551600000,88,2892471,2639,183,1112066,1147,675,507068,461,2937,177856,158,28325,27298,23
1576638000000,88,2910438,2562,183,1111913,1174,675,507196,455,2938,177966,168,28378,27288,24
1576724400000,88,2897516,2645,183,1113400,1112,675,507019,447,2943,178231,169,28418,27306,24
1576810800000,88,2899789,2346,183,1114465,1078,675,508636,426,2948,178020,167,28441,27305,24
1576897200000,88,2902405,2663,183,1116723,1269,675,508675,489,2956,178287,198,28484,27313,28
1576983600000,88,2906031,3848,183,1118420,1713,675,509329,624,2964,178357,245,28521,27255,33
1577070000000,88,2909186,3387,183,1117669,1373,675,509947,527,2967,178598,195,28560,27315,25
1577156400000,88,2911319,2333,183,1117206,1111,675,510179,419,2971,178460,159,28596,27307,23
1577242800000,88,2913705,2503,183,1121928,1035,675,511206,392,2975,178577,151,28619,27295,22
1577329200000,89,2902002,2502,182,1117202,1064,675,512015,414,2978,178945,152,28654,27334,22
1577415600000,89,2904527,2597,182,1124655,1356,675,511635,498,2987,179087,171,28685,27288,23
1577502000000,89,2908116,3847,182,1124513,1425,674,513270,612,2998,179123,203,28718,27286,29
1577588400000,89,2923889,4962,182,1125897,1748,674,515479,750,3009,179114,249,28751,27256,33
1577674800000,89,2934402,4406,182,1122641,1663,674,515428,638,3013,179021,212,28776,27247,27
1577761200000,89,2921003,3646,182,1126433,1351,674,515902,529,3018,179150,179,28800,27287,25
1577847600000,88,2939039,3968,182,1128743,1722,675,518285,602,3024,179431,207,28818,27296,27
1577934000000,88,2947943,4441,182,1132805,1560,675,517983,636,3033,179331,227,28858,27292,28
1578020400000,88,2946881,4053,182,1138910,1437,675,518943,510,3038,179496,195,28892,27306,25
1578106800000,88,2904271,4041,182,1141985,1615,675,520027,614,3047,179784,225,28931,27291,29
1578193200000,88,2955325,4691,182,1141780,1785,675,520841,757,3052,179808,263,28982,27297,33
1578279600000,88,2959136,4078,182,1142963,1615,675,520981,645,3067,179699,239,29003,27257,29
1578366000000,88,2962213,3409,182,1146887,1283,675,522357,534,3072,179795,196,29045,27262,26
1578452400000,88,2991259,16148,182,1147622,5350,675,522786,554,3081,179815,202,29084,27268,27
1578538800000,88,2979284,5830,182,1156126,2039,675,523156,569,3087,179955,206,29108,27269,26
1578625200000,88,3005989,4963,182,1156194,1432,675,522757,567,3096,179791,210,29143,27271,27
1578711600000,88,2992518,5256,182,1160216,1509,675,523831,638,3100,180127,226,29175,27264,30
1578798000000,88,3016344,5256,182,1159758,1797,675,525561,714,3109,180131,257,29210,27284,32
1578884400000,88,3002873,5316,182,1163007,1751,675,526169,650,3116,180230,230,29246,27270,28
1578970800000,88,3003858,4272,182,1160162,1365,675,526562,602,3120,180206,203,29287,27296,28
1579057200000,88,3008002,4281,182,1166912,1469,675,527139,579,3123,180733,215,29323,27291,29
1579143600000,88,3012771,4749,182,1165052,1600,675,527608,653,3132,180914,229,29328,27356,29
1579230000000,87,3034119,6703,183,1171637,2209,675,528441,714,3137,180680,227,29380,27318,30
1579316400000,87,3040075,6333,183,1172408,2028,675,529302,759,3141,181072,244,29407,27295,30
1579402800000,87,3049158,8903,183,1179634,2734,675,531131,811,3144,181047,241,29446,27285,30
1579489200000,87,3055327,6539,182,1184646,2073,676,532310,736,3153,181265,245,29491,27283,31
1579575600000,87,3067634,7660,182,1181114,2131,676,533344,771,3163,181347,248,29532,27263,31
1579662000000,87,3097882,5626,182,1184840,2142,676,532823,812,3175,181305,244,29569,27241,30
1579748400000,87,3103467,5518,182,1184526,2113,676,534455,717,3184,181174,225,29591,27216,26
1579834800000,87,3109761,6063,182,1189881,1856,676,534884,762,3191,181628,246,29630,27255,32
1579921200000,87,3113868,4014,182,1193832,1568,676,535823,701,3195,181680,213,29682,27301,26
1580007600000,87,3119354,5270,182,1196098,1762,676,537200,766,3204,181859,251,29719,27234,29
