1546570800000,4521077,1331,23695,467916,1331,14361,2832104,4663,68676,3968371,3047,47971,44072,184,1725,1590316,2033,22094,2014669,19062,124839,2374365,3445,53042,218084,1390,24702
1546657200000,4526222,5145,26702,469385,1469,15282,2837038,4934,71398,3972163,3792,50282,44633,561,2072,1593661,3345,22176,2031186,16517,137492,2380336,5971,54785,221043,2959,26262
1546743600000,4533234,7012,28262,470926,1541,15849,2846109,9071,76673,3977018,4855,48841,45015,382,2310,1598152,4491,23425,2043656,12470,142813,2388861,8525,52754,224222,3179,23832
1546830000000,4537829,4595,27041,471904,978,15712,2853982,7873,69988,3981206,4188,37871,45182,167,2216,1601902,3750,23215,2053148,9492,139373,2394188,5327,48158,226116,1894,17636
1546916400000,4540209,2380,25115,472787,883,13796,2857850,3868,51788,3983916,2710,28923,45315,133,2031,1603969,2067,21316,2058964,5816,125659,2397873,3685,41662,227364,1248,14614
1547002800000,4542946,2737,24854,474543,1756,10490,2861215,3365,40035,3986556,2640,24759,45456,141,1833,1605659,1690,19324,2065207,6243,96452,2402747,4874,38933,228592,1228,13204
1547089200000,4545552,2606,25806,476191,1648,9606,2864387,3172,36946,3994329,7773,29005,45545,89,1657
1547175600000,4547680,2128,26603,477722,1531,9806,2867603,3216,35499,4011751,17422,43380,45692,147,1620,1609187,2019,18871,2075361,4545,60692,2412385,4365,38020,230529,925,12445
1547262000000,4550299,2619,24077,478830,1108,9445,2883587,15984,46549,4030618,18867,58455,45824,132,1191,1612526,3339,18865,2085152,9791,53966,2415545,3160,35209,231588,1059,10545
1547348400000,4553577,3278,20343,479833,1003,8907,2913345,29758,67236,4046622,16004,69604,46062,238,1047,1618224,5698,20072,2100052,14900,56396,2422520,6975,33659,232593,1005,8371
1547434800000,4556396,2819,18567,480607,774,8703,2929478,16133,75496,4054860,8238,73654,46486,424,1304,1626076,7852,24174,2108887,8835,55739,2428561,6041,34373,233320,727,7204
1547521200000,4558312,1916,18103,481215,608,8428,2936313,6835,78463,4059192,4332,75276,46770,284,1455,1630121,4045,26152,2114162,5275,55198,2432214,3653,34341,233873,553,6509
1547607600000,4560455,2143,17509,481763,548,7220,2941126,4813,79911,4063034,3842,76478,46947,177,1491,1634501,4380,28842,2119416,5254,54209,2436616,4402,33869,234577,704,5985
1547694000000,4581255,20800,35703,483533,1770,7342,2966461,25335,102074,4084039,21005,89710,47120,173,1575,1660825,26324,53657,2126028,6612,55212,2442631,6015,34611,235703,1126,6099
1547780400000,4587146,5891,39466,486032,2499,8310,2980741,14280,113138,4089834,5795,78083,47267,147,1575,1665983,5158,56796,2134414,8386,59053,2446859,4228,34474,237294,1591,6765
1547866800000,4592355,5209,42056,487767,1735,8937,3002435,21694,118848,4094504,4670,63886,47432,165,1608,1669360,3377,56834,2143662,9248,58510,2450013,3154,34468,238751,1457,7163
1547953200000,4597801,5446,44224,488830,1063,8997,3017697,15262,104352,4099474,4970,52852,47621,189,1559,1672327,2967,54103,2154011,10349,53959,2457926,7913,35406,240033,1282,7440
1548039600000,4601247,3446,44851,489709,879,9102,3031001,13304,101523,4105177,5703,50317,47782,161,1296,1675745,3418,49669,2161449,7438,52562,2464018,6092,35457,241012,979,7692
1548126000000,4608617,7370,50305,490712,1003,9497,3041579,10578,105266,4110951,5774,51759,48037,255,1267,1679876,4131,49755,2167278,5829,53116,2469443,5425,37229,242277,1265,8404
1548212400000,4618838,10221,58383,491766,1054,10003,3053110,11531,111984,4118685,7734,55651,48182,145,1235,1685306,5430,50805,2171935,4657,52519,2473885,4442,37269,243349,1072,8772
1548298800000,4627208,8370,45953,492729,963,9196,3060797,7687,94336,4133362,14677,49323,48425,243,1305,1689656,4350,28831,2177784,5849,51756,2477249,3364,34618,244718,1369,9015
1548385200000,4633876,6668,46730,493491,762,7459,3068262,7465,87521,4150139,16777,60305,48625,200,1358,1693607,3951,27624,2186158,8374,51744,245805,2754,33144
1548471600000,4641055,7179,48700,494346,855,6579,3083057,14795,80622,4165769,15630,71265,48745,120,1313,1698680,5073,29320,2194527,8369,50865,2482430,2427,32417,246814,1009,8063
1548558000000,4657726,16671,59925,495081,735,6251,3101974,18917,84277,4192543,26774,93069,48895,150,1274,1706852,8172,34525,2204484,9957,50473,2485366,2936,27440,247605,791,7572
1548644400000,4670919,13193,69672,499052,3971,9343,3114857,12883,83856,4209264,16721,104087,49093,198,1311,1715713,8861,39968,2215029,10545,53580,2489145,3779,25127,249178,1573,8166
1548730800000,4675561,4642,66944,501855,2803,11143,3123198,8341,81619,4217243,7979,106292,49273,180,1236,1726315,10602,46439,2224494,9465,57216,2494617,5472,25174,250344,1166,8067
1548817200000,4680033,4472,61195,505791,3936,14025,3130164,6966,77054,4223432,6189,104747,49447,174,1265,1733763,7448,48457,2235014,10520,63079,2499111,4494,25226,251613,1269,8264
1548903600000,4684197,4164,56989,507415,1624,14686,3137554,7390,76757,4228460,5028,95098,49702,255,1277,1741573,7810,51917,2240346,5332,62562,2503146,4035,25897,252821,1208,8103
1548990000000,4688430,4233,54554,508625,1210,15134,3146297,8743,78035,4233532,5072,83393,49912,210,1287,1747550,5977,53943,2245201,4855,59043,2507393,4247,27390,254277,1456,8472
1549076400000,4693935,5505,52880,509587,962,15241,3153887,7590,70830,4256535,23003,90766,50148,236,1403,1753935,6385,55255,2253698,8497,59171,2510860,3467,28430,255065,788,8251
1549162800000,4698589,4654,40863,511316,1729,16235,3161442,7555,59468,4300266,43731,107723,50333,185,1438,1762976,9041,56124,2262449,8751,57965,2514830,3970,29464,256247,1182,8642
1549249200000,4702459,3870,31540,512618,1302,13566,3167640,6198,52783,4328576,28310,119312,50532,199,1439,1767858,4882,52145,2269430,6981,54401,2523214,8384,34069,258029,1782,8851
1549335600000,4705362,2903,29801,513353,735,11498,3172419,4779,49221,4342019,13443,124776,50672,140,1399,1770763,2905,44448,2274483,5053,49989,2533952,10738,39335,262856,4827,12512
1549422000000,4708658,3296,28625,514065,712,8274,3187915,15496,57751,4353875,11856,130443,50833,161,1386,1774222,3459,40459,2278371,3888,43357,2546170,12218,47059,264314,1458,12701
1549508400000,4712053,3395,27856,514768,703,7353,3208760,20845,71206,4362263,8388,133803,51012,179,1310,1777932,3710,36359,2281248,2877,40902,2554591,8421,51445,265464,1150,12643
1549594800000,4716190,4137,27760,515074,306,6449,3221033,12273,74736,4370908,8645,137376,51185,173,1273,1781499,3567,33949,2284177,2929,38976,2563461,8870,56068,266627,1163,12350
1549681200000,4720423,4233,26488,515363,289,5776,3245814,24781,91927,4378850,7942,122315,51375,190,1227,1787613,6114,33678,2287711,3534,34013,2572667,9206,61807,268049,1422,12984
1549767600000,4724935,4512,26346,515949,586,4633,3270037,24223,108595,4385441,6591,85175,51559,184,1226,1797311,9698,34335,2290352,2641,27903,2578675,6008,63845,269458,1409,13211
1549854000000,4733022,8087,30563,518201,2252,5583,3286291,16254,118651,4392719,7278,64143,51691,132,1159,1807975,10664,40117,2292947,2595,23517,2587922,9247,64708,271007,1549,12978
1549940400000,4741763,8741,36401,520157,1956,6804,3299138,12847,126719,4400943,8224,58924,51765,74,1093,1816842,8867,46079,2295845,2898,21362,2598807,10885,64855,271621,614,8765
1550026800000,4747576,5813,38918,521623,1466,7558,3317138,18000,129223,4408132,7189,54257,51915,150,1082,1823374,6532,49152,2303254,7409,24883,2605914,7107,59744,272454,833,8140
1550113200000,4758532,10956,46479,522323,700,7555,3335131,17993,126371,4416458,8326,54195,52057,142,1045,1828082,4708,50150,2307853,4599,26605,2610479,4565,55888,273580,1126,8116
1550199600000,4770038,11506,53848,522548,225,7474,3348469,13338,127436,4422813,6355,51905,52187,130,1002,1831994,3912,50495,2310733,2880,26556,2616250,5771,52789,275106,1526,8479
1550286000000,4776406,6368,55983,523126,578,7763,3368853,20384,123039,4446010,23197,67160,52309,122,934,1835631,3637,48018,2313497,2764,25786,2626893,10643,54226,276337,1231,8288
1550372400000,4781216,4810,56281,523876,750,7927,3386061,17208,116024,4488875,42865,103434,52444,135,885,1841262,5631,43951,2316512,3015,26160,2632342,5449,53667,277556,1219,8098
1550458800000,4786055,4839,53033,524795,919,6594,3398257,12196,111966,4525668,36793,132949,52586,142,895,1850497,9235,42522,2320149,3637,27202,2636632,4290,48710,278633,1077,7626
1550545200000,4790912,4857,49149,525445,650,5288,3407856,9599,108718,4556554,30886,155611,52746,160,981,1856595,6098,39753,2323266,3117,27421,2642159,5527,43352,279644,1011,8023
1550631600000,4795644,4732,48068,525964,519,4341,3419252,11396,102114,4585572,29018,177440,52847,101,932,1861596,5001,38222,2326836,3570,23582,2647814,5655,41900,280448,804,7994
1550718000000,4798907,3263,40375,526450,486,4127,3426630,7378,91499,4602934,17362,186476,52948,101,891,1866163,4567,38081,2330360,3524,22507,2651818,4004,41339,281078,630,7498
1550804400000,4802533,3626,32495,527394,944,4846,3433588,6958,85119,4615441,12507,192628,53044,96,857,1870941,4778,38947,2332999,2639,22266,2654839,3021,38589,287051,5973,11945
1550890800000,4806373,3840,29967,529433,2039,6307,3439634,6046,70781,4627295,11854,181285,53132,88,823,1876253,5312,40622,2336126,3127,22629,2660126,5287,33233,291146,4095,14809
1550977200000,4810819,4446,29603,530719,1286,6843,3452005,12371,65944,4646671,19376,157796,53221,89,777,1882872,6619,41610,2342176,6050,25664,2664574,4448,32232,294161,3015,16605
1551063600000,4814932,4113,28877,531443,724,6648,3458653,6648,60396,4658489,11818,132821,53294,73,708,1889823,6951,39326,2345804,3628,25655,2671766,7192,35134,296189,2028,17556
1551150000000,4816830,1898,25918,532822,1379,7377,3462202,3549,54346,4665670,7181,109116,53367,73,621,1895725,5902,39130,2347869,2065,24603,2682051,10285,39892,297136,947,17492
1551236400000,4818685,1855,23041,536113,3291,10149,3465660,3458,46408,4672778,7108,87206,53422,55,575,1900195,4470,38599,2350479,2610,23643,2687860,5809,40046,298153,1017,17705
1551322800000,4820428,1743,21521,538466,2353,12016,3468718,3058,42088,4678819,6041,75885,53567,145,619,1906394,6199,40231,2353743,3264,23383,2691449,3589,39631,299011,858,17933
1551409200000,4822448,2020,19915,540084,1618,12690,3471833,3115,38245,4685230,6411,69789,53658,91,614,1912386,5992,41445,2357472,3729,24473,2695028,3579,40189,299971,960,12920
1551495600000,4824247,1799,17874,540556,472,11123,3477623,5790,37989,4692824,7594,65529,53715,57,583,1916863,4477,40610,2360014,2542,23888,2698108,3080,37982,302828,2857,11682
1551582000000,4827526,3279,16707,541255,699,10536,3485755,8132,33750,4707834,15010,61163,53790,75,569,1923160,6297,40288,2363972,3958,21796,2703125,5017,38551,304895,2067,10734
1551668400000,4830008,2482,15076,541873,618,10430,3491084,5329,32431,4718004,10170,59515,53881,91,587,1928474,5314,38651,2367189,3217,21385,2707569,4444,35803,306308,1413,10119
1551754800000,4831500,1492,14670,542429,556,9607,3493482,2398,31280,4723784,5780,58114,53892,11,525,1932009,3535,36284,2369752,2563,21883,2711544,3975,29493,306967,659,9831
1551841200000,4832893,1393,14208,542880,451,6767,3496021,2539,30361,4728825,5041,56047,53902,10,480,1934268,2259,34073,2371991,2239,21512,2715210,3666,27350,308643,1676,10490
1551927600000,4833827,934,13399,543627,747,5161,3498517,2496,29799,4734611,5786,55792,53907,5,340,1940462,6194,34068,2374697,2706,20954,2717771,2561,26322,310084,1441,11073
1552014000000,4835139,1312,12691,544098,471,4014,3500771,2254,28938,4739170,4559,53940,53906,-1,248,1955124,14662,42738,2379529,4832,22057,2719938,2167,24910,311087,1003,11116
1552100400000,4837281,2142,13034,544515,417,3959,3533017,32246,55394,4746659,7489,53835,53917,11,202,1965482,10358,48619,2385669,6140,25655,2724181,4243,26073,312400,1313,9572
1552186800000,4840856,3575,13330,545157,642,3902,3605851,72834,120096,4755319,8660,47485,53921,4,131,1975778,10296,52618,2391935,6266,27963,2729495,5314,26370,313887,1487,8992
1552273200000,4843357,2501,13349,546295,1138,4422,3639655,33804,148571,4761609,6290,43605,53930,9,49,1983433,7655,54959,2395688,3753,28499,2733527,4032,25958,315112,1225,8804
1552359600000,4844771,1414,13271,547434,1139,5005,3651061,11406,157579,4765211,3602,41427,53933,3,41,1988120,4687,56111,2398020,2332,28268,2736023,2496,24479,316786,1674,9819
1552446000000,4846214,1443,13321,548552,1118,5672,3659013,7952,162992,4769595,4384,40770,53923,-10,21,1991754,3634,57486,2400238,2218,28247,2740092,4069,24882,320185,3399,11542
1552532400000,4847516,1302,13689,549679,1127,6052,3665094,6081,166577,4774171,4576,39560,53928,5,21,1994905,3151,54443,2404112,3874,29415,2744634,4542,26863,322199,2014,12115
1552618800000,4848831,1315,13692,550559,880,6461,3670241,5147,169470,4778634,4463,39464,53934,6,28,1999841,4936,44717,2410737,6625,31208,2747906,3272,27968,324078,1879,12991
1552705200000,4854215,5384,16934,552190,1631,7675,3703150,32909,170133,4788547,9913,41888,53945,11,28,2016358,16517,50876,2418293,7556,32624,2750461,2555,26280,344932,20854,32532
1552791600000,4860560,6345,19704,553625,1435,8468,3744225,41075,138374,4798334,9787,43015,53960,15,39,2029124,12766,53346,2427428,9135,35493,2753114,2653,23619,358121,13189,44234
1552878000000,4864865,4305,21508,554783,1158,8488,3765666,21441,126011,4804656,6322,43047,54024,64,94,2037744,8620,54311,2432005,4577,36317,2755844,2730,22317,365103,6982,49991
1552964400000,4866822,1957,22051,555362,579,7928,3774693,9027,123632,4807582,2926,42371,54022,-2,89,2042678,4934,54558,2435655,3650,37635,2760932,5088,24909,368836,3733,52050
1553050800000,4868729,1907,22515,556752,1390,8200,3782529,7836,123516,4810080,2498,40485,54030,8,107,2046207,3529,54453,2442217,6562,41979,2765050,4118,24958,372560,3724,52375
1553137200000,4870439,1710,22923,557763,1011,8084,3788774,6245,123680,4816495,6415,42324,54045,15,117,2049720,3513,54815,2449411,7194,45299,2768111,3061,23477,374622,2062,52423
1553223600000,4883195,12756,34364,559616,1853,9057,3794171,5397,123930,4822834,6339,44200,54043,-2,109,2053579,3859,53738,2468418,19007,57681,2770550,2439,22644,376580,1958,52502
1553310000000,4900620,17425,46405,561298,1682,9108,3805838,11667,102688,4827337,4503,38790,54003,-40,58,2057407,3828,41049,2479781,11363,61488,2772723,2173,22262,379781,3201,34849
1553396400000,4913032,12412,52472,562365,1067,8740,3824771,18933,80546,4832289,4952,33955,53977,-26,17,2063583,6176,34459,2489653,9872,62225,2775810,3087,22696,382927,3146,24806
1553482800000,4920222,7190,55357,563337,972,8554,3840615,15844,74949,4835777,3488,31121,53981,4,-43,2067062,3479,29318,2497619,7966,65614,2779174,3364,23330,386888,3961,21785
1553569200000,4923559,3337,56737,564230,893,8868,3850073,9458,75380,4837886,2109,30304,53987,6,-35,2070646,3584,27968,2500880,3261,65225,2783752,4578,22820,388796,1908,19960
1553655600000,4926503,2944,57774,564687,457,7935,3857538,7465,75009,4840008,2122,29928,53986,-1,-44,2073912,3266,27705,2505609,4729,63392,2786688,2936,21638,389700,904,17140
1553742000000,4929024,2521,58585,565501,814,7738,3866834,9296,78060,4842000,1992,25505,53998,12,-47,2077795,3883,28075,2510300,4691,60889,2788512,1824,20401,391957,2257,17335
1553828400000,4937569,8545,54374,566208,707,6592,3877808,10974,83637,4844011,2011,21177,54006,8,-37,2081460,3665,27881,2514924,4624,46506,2790014,1502,19464,394412,2455,17832
1553914800000,4944025,6456,43405,566721,513,5423,3895423,17615,89585,4846688,2677,19351,54009,3,6,2084818,3358,27411,2523481,8557,43700,2792951,2937,20228,397226,2814,17445
1554001200000,4954221,10196,41189,568043,1322,5678,3919860,24437,95089,4850081,3393,17792,53981,-28,4,2089876,5058,26293,2533215,9734,43562,2799277,6326,23467,401428,4202,18501
1554087600000,4961190,6969,40968,569677,1634,6340,3937101,17241,96486,4853173,3092,17396,53981,0,0,2099189,9313,32127,2539542,6327,41923,2806112,6835,26938,404462,3034,17574
1554174000000,4963683,2493,40124,570811,1134,6581,3947303,10202,97230,4855234,2061,17348,53987,6,0,2104561,5372,33915,2545582,6040,44702,2811047,4935,27295,406732,2270,17936
1554260400000,4966005,2322,39502,571502,691,6815,3956378,9075,98840,4856849,1615,16841,53992,5,6,2108317,3756,34405,2552919,7337,47310,2814612,3565,27924,408158,1426,18458
1554346800000,4968386,2381,39362,572162,660,6661,3964854,8476,98020,4858620,1771,16620,53983,-9,-15,2114783,6466,36988,2572963,20044,62663,2820574,5962,32062,409843,1685,17886
1554433200000,4972747,4361,35178,572932,770,6724,3982140,17286,104332,4861648,3028,17637,53975,-8,-31,2122781,7998,41321,2606743,33780,91819,2827485,6911,37471,412227,2384,17815
1554519600000,4978504,5757,34479,574298,1366,7577,4030712,48572,135289,4865723,4075,19035,53974,-1,-35,2130130,7349,45312,2637028,30285,113547,2834230,6745,41279,414764,2537,17538
1554606000000,4985961,7457,31740,575618,1320,7575,4076522,45810,156662,4869563,3840,19482,53956,-18,-25,2135290,5160,45414,2658515,21487,125300,2839590,5360,40313,418039,3275,16611
1554692400000,4991290,5329,30100,576498,880,6821,4097098,20576,159997,4879156,9593,25983,53984,28,3,2139223,3933,40034,2677368,18853,137826,2842812,3222,36700,420467,2428,16005
1554778800000,4994766,3476,31083,577176,678,6365,4107126,10028,159823,4888962,9806,33728,53985,1,-2,2142254,3031,37693,2685263,7895,139681,2844962,2150,33915,421496,1029,14764
1554865200000,4997474,2708,31469,577709,533,6207,4114127,7001,157749,4905643,16681,48794,53994,9,2,2144791,2537,36474,2691263,6000,138344,2848197,3235,33585,423106,1610,14948
1554951600000,5000044,2570,31658,578280,571,6118,4119672,5545,154818,4915666,10023,57046,54001,7,18,2147833,3042,33050,2698965,7702,126002,2850769,2572,30195,424881,1775,15038
1555038000000,5013666,13622,40919,578790,510,5858,4124721,5049,142581,4923112,7446,61464,53994,-7,19,2150836,3003,28055,2707954,8989,101211,2853133,2364,25648,426178,1297,13951
1555124400000,5028284,14618,49780,579737,947,5439,4133682,8961,102970,4939000,15888,73277,53996,2,22,2154339,3503,24209,2730214,22260,93186,2856984,3851,22754,429416,3238,14652
1555210800000,5041154,12870,55193,581046,1309,5428,4146639,12957,70117,4953344,14344,83781,53990,-6,34,2158986,4647,23696,2753731,23517,95216,2862685,5701,23095,433422,4006,15383
1555297200000,5049173,8019,57883,582181,1135,5683,4155519,8880,58421,4960726,7382,81570,53998,8,14,2162604,3618,23381,2767216,13485,89848,2866963,4278,24151,434949,1527,14482
1555383600000,5053590,4417,58824,583090,909,5914,4160321,4802,53195,4964826,4100,75864,53993,-5,8,2165226,2622,22972,2775801,8585,90538,2872164,5201,27202,435961,1012,14465
1555470000000,5057685,4095,60211,583792,702,6083,4164670,4349,50543,4968430,3604,62787,53992,-1,-2,2168653,3427,23862,2782683,6882,91420,2875343,3179,27146,436886,925,13780
1555556400000,5061102,3417,61058,584741,949,6461,4169012,4342,49340,4971306,2876,55640,53985,-7,-16,2172115,3462,24282,2789562,6879,90597,2877945,2602,27176,438941,2055,14060
1555642800000,5064500,3398,50834,585902,1161,7112,4174117,5105,49396,4974229,2923,51117,54220,235,226,2174895,2780,24059,2798668,9106,90714,2883897,5952,30764,440759,1818,14581
1555729200000,5068697,4197,40413,587078,1176,7341,4195680,21563,61998,4978028,3799,39028,54349,129,353,2177647,2752,23308,2814404,15736,84190,2888847,4950,31863,442232,1473,12816
1555815600000,5074472,5775,33318,588141,1063,7095,4222508,26828,75869,4982531,4503,29187,54371,22,381,2181764,4117,22778,2837829,23425,84098,2893325,4478,30640,443785,1553,10363
1555902000000,5079202,4730,30029,588783,642,6602,4237856,15348,82337,4991357,8826,30631,54367,-4,369,2185395,3631,22791,2849467,11638,82251,2896884,3559,29921,444723,938,9774
1555988400000,5082339,3137,28749,589800,1017,6710,4246500,8644,86179,4995986,4629,31160,54366,-1,373,2188672,3277,23446,2857832,8365,82031,2901578,4694,29414,445428,705,9467
1556074800000,5085241,2902,27556,590374,574,6582,4252141,5641,87471,4999770,3784,31340,54359,-7,367,2194259,5587,25606,2870576,12744,87893,2905478,3900,30135,446179,751,9293
1556161200000,5087821,2580,26719,590752,378,6011,4256966,4825,87954,5003089,3319,31783,54349,-10,364,2196994,2735,24879,2879470,8894,89908,2908741,3263,30796,446619,440,7678
1556247600000,5090718,2897,26218,591078,326,5176,4261812,4846,87695,5006965,3876,32736,54370,21,150,2203047,6053,28152,2886239,6769,87571,2914436,5695,30539,447177,558,6418
1556334000000,5094374,3656,25677,591559,481,4481,4268812,7000,73132,5011163,4198,33135,54374,4,25,2209675,6628,32028,2894367,8128,79963,2918418,3982,29571,447594,417,5362
1556420400000,5098907,4533,24435,592060,501,3919,4277044,8232,54536,5015564,4401,33033,54377,3,6,2215634,5959,33870,2900855,6488,63026,2922307,3889,28982,448318,724,4533
1556506800000,5101703,2796,22501,592512,452,3729,4282402,5358,44546,5018564,3000,27207,54368,-9,1,2220765,5131,35370,2905258,4403,55791,2927180,4873,30296,448802,484,4079
1556593200000,5109380,7677,27041,593018,506,3218,4287851,5449,41351,5021736,3172,25750,54371,3,5,2225610,4845,36938,2910001,4743,52169,2931228,4048,29650,449327,525,3899
1556679600000,5116710,7330,31469,593355,337,2981,4296380,8529,44239,5042411,20675,42641,54354,-17,-5,2228680,3070,34421,2920429,10428,49853,2937442,6214,31964,450448,1121,4269
1556766000000,5124155,7445,36334,593715,360,2963,4327738,31358,70772,5061071,18660,57982,54354,0,5,2245899,17219,48905,2929330,8901,49860,2946981,9539,38240,451557,1109,4938
1556852400000,5132439,8284,41721,594109,394,3031,4350108,22370,88296,5102068,40997,95103,54445,91,75,2258225,12326,55178,2935383,6053,49144,2957771,10790,43335,452590,1033,5413
1556938800000,5141244,8805,46870,594507,398,2948,4364217,14109,95405,5127067,24999,115904,55142,697,768,2269024,10799,59349,2940404,5021,46037,2967125,9354,48707,453541,951,5947
1557025200000,5146882,5638,47975,595221,714,3161,4371749,7532,94705,5144419,17352,128855,55265,123,888,2276550,7526,60916,2947912,7508,47057,2977855,10730,55548,454285,744,5967
1557111600000,5151575,4693,49872,596121,900,3609,4377908,6159,95506,5154617,10198,136053,55303,38,935,2282213,5663,61448,2952131,4219,46873,2987810,9955,60630,454901,616,6099
1557198000000,5154767,3192,45387,596589,468,3571,4381473,3565,93622,5160551,5934,138815,55323,20,952,2294076,11863,68466,2953614,1483,43613,2993007,5197,61779,455386,485,6059
1557284400000,5158018,3251,41308,596897,308,3542,4385335,3862,88955,5165663,5112,123252,55362,39,1008,2310112,16036,81432,2959376,5762,38947,2997518,4511,60076,455872,486,5424
1557370800000,5160402,2384,36247,597235,338,3520,4388608,3273,60870,5169828,4165,108757,55400,38,1046,2319897,9785,73998,2964013,4637,34683,3002485,4967,55504,456370,498,4813
1557457200000,5162302,1900,29863,597605,370,3496,4391431,2823,41323,5171119,1291,69051,55403,3,958,2331253,11356,73028,2961470,-2543,26087,3006297,3812,48526,457503,1133,4913
1557543600000,5164889,2587,23645,597940,335,3433,4396262,4831,32045,5175771,4652,48704,55415,12,273,2340943,9690,71919,2964433,2963,24029,3009725,3428,42600,459119,1616,5578
1557630000000,5169079,4190,22197,598208,268,2987,4403487,7225,31738,5181260,5489,36841,55478,63,213,2360421,19478,83871,2968884,4451,20972,3014230,4505,36375,460808,1689,6523
1557716400000,5172001,2922,20426,598513,305,2392,4408906,5419,30998,5185913,4653,31296,55605,127,302,2377980,17559,95767,2972081,3197,19950,3017273,3043,29463,461034,226,6133
1557802800000,5174188,2187,19421,598833,320,2244,4413866,4960,32393,5190426,4513,29875,55627,22,304,2405251,27271,111175,2978792,6711,25178,3019846,2573,26839,462048,1014,6662
1557889200000,5176478,2290,18460,599071,238,2174,4418618,4752,33283,5194954,4528,29291,55644,17,282,2426311,21060,116199,2996289,17497,36913,3022463,2617,24945,462720,672,6848
1557975600000,5178107,1629,17705,600331,1260,3096,4422295,3677,33687,5199655,4701,29827,55754,110,354,2441487,15176,121590,3028031,31742,64018,3025777,3314,23292,463145,425,6775
1558062000000,5183037,4930,20735,601769,1438,4164,4425559,3264,34128,5204131,4476,33012,55846,92,443,2456885,15398,125632,3055119,27088,93649,3031235,5458,24938,463528,383,6025
1558148400000,5187995,4958,23106,602974,1205,5034,4433461,7902,37199,5209223,5092,33452,55936,90,521,2467929,11044,126986,3073524,18405,109091,3035928,4693,26203,464098,570,4979
1558234800000,5192963,4968,23884,603503,529,5295,4444404,10943,40917,5216265,7042,35005,55999,63,521,2483921,15992,123500,3089933,16409,121049,3043815,7887,29585,464734,636,3926
1558321200000,5196604,3641,24603,604058,555,5545,4451890,7486,42984,5221742,5477,35829,56085,86,480,2495955,12034,117975,3102244,12311,130163,3049674,5859,32401,465432,698,4398
1558407600000,5198837,2233,24649,604589,531,5756,4455147,3257,41281,5225823,4081,35397,56164,79,537,2503148,7193,97897,3120714,18470,141922,3054058,4384,34212,465724,292,3676
1558494000000,5200911,2074,24433,605270,681,6199,4458596,3449,39978,5229764,3941,34810,56186,22,542,2513120,9972,86809,3131241,10527,134952,3058168,4110,35705,465875,151,3155
1558580400000,5203071,2160,24964,605716,446,5385,4461825,3229,39530,5234162,4398,34507,56236,50,482,2524864,11744,83377,3142974,11733,114943,3061641,3473,35864,466132,257,2987
1558666800000,5215794,12723,32757,606451,735,4682,4465510,3685,39951,5242141,7979,38010,56263,27,417,2532258,7394,75373,3153427,10453,98308,3064701,3060,33466,474262,8130,10734
1558753200000,5222968,7174,34973,609529,3078,6555,4475466,9956,42005,5253422,11281,44199,56284,21,348,2538886,6628,70957,3165482,12055,91958,3067252,2551,31324,481770,7508,17672
1558839600000,5228416,5448,35453,612036,2507,8533,4485040,9574,40636,5263133,9711,46868,56531,247,532,2549723,10837,65802,3180288,14806,90355,3073166,5914,29351,487558,5788,22824
1558926000000,5231996,3580,35392,615337,3301,11279,4491318,6278,39428,5269962,6829,48220,56731,200,646,2559127,9404,63172,3188156,7868,85912,3079971,6805,30297,489958,2400,24526
1559012400000,5234337,2341,35500,617326,1989,12737,4494547,3229,39400,5274102,4140,48279,56756,25,592,2565103,5976,61955,3194840,6684,74126,3087202,7231,33144,491117,1159,25393
1559098800000,5236625,2288,35714,618455,1129,13185,4497642,3095,39046,5277263,3161,47499,56793,37,607,2571853,6750,58733,3202772,7932,71531,3092870,5668,34702,492436,1319,26561
1559185200000,5238609,1984,35538,619349,894,13633,4500870,3228,39045,5279375,2112,45213,56871,78,635,2578647,6794,53783,3211549,8777,68575,3102710,9840,41069,493333,897,27201
1559271600000,5240605,1996,24811,620029,680,13578,4508362,7492,42852,5281322,1947,39181,56906,35,643,2587574,8927,55316,3230438,18889,77011,3110997,8287,46296,494198,865,19936
1559358000000,5242900,2295,19932,622118,2089,12589,4521173,12811,45707,5289703,8381,36281,56918,12,634,2597527,9953,58641,3245731,15293,80249,3116106,5109,48854,502132,7934,20362
1559444400000,5245220,2320,16804,624600,2482,12564,4530586,9413,45546,5300366,10663,37233,56945,27,414,2610965,13438,61242,3259277,13546,78989,3121422,5316,48256,510558,8426,23000
1559530800000,5247699,2479,15703,625686,1086,10349,4536449,5863,45131,5305629,5263,35667,56985,40,254,2621454,10489,62327,3267026,7749,78870,3126386,4964,46415,514084,3526,24126
1559617200000,5249029,1330,14692,626544,858,9218,4539283,2834,44736,5308211,2582,34109,57012,27,256,2628088,6634,62985,3274192,7166,79352,3129712,3326,42510,515818,1734,24701
1559703600000,5250524,1495,13899,627479,935,9024,4541849,2566,44207,5310807,2596,33544,57047,35,254,2636558,8470,64705,3281487,7295,78715,3132803,3091,39933,517945,2127,25509
1559790000000,5252103,1579,13494,628373,894,9024,4545082,3233,44212,5313457,2650,34082,57080,33,209,2647086,10528,68439,3290189,8702,78640,3135823,3020,33113,521062,3117,27729
1559876400000,5258518,6415,17913,629446,1073,9417,4553435,8353,45073,5317515,4058,36193,57088,8,182,2657341,10255,69767,3304800,14611,74362,3138972,3149,27975,525109,4047,30911
1559962800000,5266607,8089,23707,630400,954,8282,4585468,32033,64295,5328806,11291,39103,57269,181,351,2665825,8484,68298,3312990,8190,67259,3142186,3214,26080,528618,3509,26486
1560049200000,5272954,6347,27734,631391,991,6791,4608296,22828,77710,5339358,10552,38992,57372,103,427,2674176,8351,63211,3320104,7114,60827,3148463,6277,27041,531931,3313,21373
1560135600000,5278873,5919,31174,632289,898,6603,4620251,11955,83802,5349861,10503,44232,57453,81,468,2682862,8686,61408,3324769,4665,57743,3156939,8476,30553,534690,2759,20606
1560222000000,5282277,3404,33248,632963,674,6419,4629114,8863,89831,5356060,6199,47849,57535,82,523,2690066,7204,61978,3332742,7973,58550,3163981,7042,34269,536462,1772,20644
1560308400000,5288610,3908,37149,634066,689,6059,4645571,10962,101808,5363593,3638,51050,57628,56,558,2704872,9582,61797,3345250,6449,57096,3175697,6889,40773,539762,1784,20113
1560394800000,5291391,2781,34508,635118,1052,6030,4658734,13163,107709,5366288,2695,50206,57667,39,583,2716417,11545,61805,3349986,4736,50857,3183906,8209,45967,541650,1888,17840
1560481200000,5292294,3245,33776,635505,1644,6059,4659980,17936,106545,5367298,3335,49783,57683,32,595,2718263,7711,60922,3351376,6062,46576,3185391,6012,46419,541922,1925,16813
1560567600000,5295990,3696,29383,637388,1883,6988,4686974,26994,101506,5371056,3758,42250,57719,36,450,2726613,8350,60788,3358149,6773,45159,3191464,6073,49278,544765,2843,16147
1560654000000,5300680,4690,27726,639073,1685,7682,4703998,17024,95702,5375718,4662,36360,57754,35,382,2738793,12180,64617,3365150,7001,45046,3199249,7785,50786,548241,3476,16310
1560740400000,5304867,4187,25994,640720,1647,8431,4718395,14397,98144,5379999,4281,30138,57778,24,325,2755932,17139,73070,3370613,5463,45844,3205938,6689,48999,551957,3716,17267
1560826800000,5307526,2659,25249,642150,1430,9187,4728461,10066,99347,5383761,3762,27701,57762,-16,227,2768854,12922,78788,3373742,3129,41000,3217921,11983,53940,555139,3182,18677
1560913200000,5310857,3331,24280,643717,1567,11119,4740908,12447,105645,5389000,5239,31282,57820,58,219,2780859,12005,83956,3376760,3018,34231,3225301,7380,54850,558475,3336,20701
1560999600000,5313807,2950,31990,645779,2062,11853,4753168,12260,105724,5395728,6728,33619,57872,52,272,2791286,10427,82076,3381222,4462,35542,3232107,6806,52402,561758,3283,22560
1561086000000,5326046,12239,33752,647433,1654,11928,4766484,13316,106504,5400681,4953,33383,57954,82,271,2800574,9288,82311,3386628,5406,35252,3237702,5595,52311,564872,3114,22950
1561172400000,5345149,19103,49159,648484,1051,11096,4795124,28640,108150,5414363,13682,43307,58000,46,281,2810607,10033,83994,3396330,9702,38181,3244947,7245,53483,566685,1813,21920
1561258800000,5358874,13725,58194,649496,1012,10423,4819843,24719,115845,5425088,10725,49370,58078,78,324,2821337,10730,82544,3406259,9929,41109,3258275,13328,59026,568505,1820,20264
1561345200000,5367465,8591,62598,650454,958,9734,4839179,19336,120784,5433449,8361,53450,58240,162,462,2830213,8876,74281,3410903,4644,40290,3269104,10829,63166,569837,1332,17880
1561431600000,5372093,4628,64567,651052,598,8902,4851049,11870,122588,5439509,6060,55748,58292,52,530,2837953,7740,69099,3414122,3219,40380,3277197,8093,59276,570879,1042,15740
1561518000000,5378751,6658,67894,654210,3158,10493,4918454,67405,177546,5445903,6394,56903,58324,32,504,2846475,8522,65616,3418336,4214,41576,3283076,5879,57775,581559,10680,23084
1561604400000,5387243,8492,73436,657814,3604,12035,4965736,47282,212568,5452895,6992,57167,58966,642,1094,2856966,10491,65680,3424313,5977,43091,3288512,5436,56405,590358,8799,28600
1561690800000,5395933,8690,69887,659200,1386,11767,4993949,28213,227465,5457400,4505,56719,59054,88,1100,2877196,20230,76622,3428377,4064,41749,3294499,5987,56797,593821,3463,28949
1561777200000,5406446,10513,61297,660537,1337,12053,5031660,37711,236536,5465885,8485,51522,59122,68,1122,2906075,28879,95468,3432946,4569,36616,3299286,4787,54339,595899,2078,29214
1561863600000,5413713,7267,54839,661629,1092,12133,5061373,29713,241530,5474729,8844,49641,59299,177,1221,2927908,21833,106571,3438655,5709,32396,3304402,5116,46127,597580,1681,29075
1561950000000,5420752,7039,53287,662651,1022,12197,5085710,24337,246531,5482465,7736,49016,59273,-26,1033,2942963,15055,112750,3443303,4648,32400,3308969,4567,39865,598718,1138,28881
1562036400000,5425822,5070,53729,663674,1023,12622,5100962,15252,249913,5488937,6472,49428,59316,43,1024,2958248,15285,120295,3453095,9792,38973,3313430,4461,36233,600942,2224,30063
1562122800000,5431306,5484,52555,664676,1002,10466,5119593,18631,201139,5494420,5483,48517,59350,34,1026,2971684,13436,125209,3471136,18041,52800,3319921,6491,36845,603884,2942,22325
1562209200000,5436309,5003,49066,665487,811,7673,5136778,17185,171042,5499571,5151,46676,59424,74,458,3014062,42378,157096,3482990,11854,58677,3326209,6288,37697,605730,1846,15372
1562295600000,5445933,9624,50000,684513,19026,25313,5154017,17239,160068,5506119,6548,48719,59876,452,822,3074216,60154,197020,3490941,7951,62564,3332172,5963,37673,608897,3167,15076
1562382000000,5458476,12543,52030,704942,20429,44405,5177273,23256,145613,5510670,4551,44785,60698,822,1576,3122197,47981,216122,3506155,15214,73209,3337693,5521,38407,611432,2535,15533
1562468400000,5468491,10015,54778,712657,7715,51028,5192068,14795,130695,5524569,13899,49840,61393,695,2094,3158541,36344,230633,3521224,15069,82569,3343306,5613,38904,613403,1971,15823
1562554800000,5476732,8241,55980,714461,1804,51810,5210323,18255,124613,5538057,13488,55592,62353,960,3080,3190998,32457,248035,3529595,8371,86292,3354738,11432,45769,614660,1257,15942
1562641200000,5486482,9750,60660,718332,3871,54658,5229666,19343,128704,5549411,11354,60474,63033,680,3717,3219612,28614,261364,3538852,9257,85757,3361958,7220,48528,615649,989,14707
1562727600000,5492528,6046,61222,720809,2477,56133,5241515,11849,121922,5562472,13061,68052,63356,323,4006,3248848,29236,277164,3549801,10949,78665,3368025,6067,48104,616820,1171,12936
1562814000000,5498914,6386,62605,722743,1934,57256,5259696,18181,122918,5577245,14773,77674,63497,141,4073,3273860,25012,259798,3561122,11321,78132,3375677,7652,49468,617976,1156,12246
1562900400000,5511708,12794,65775,724603,1860,40090,5281905,22209,127888,5587065,9820,80946,63710,213,3834,3297652,23792,223436,3570321,9199,79380,3382398,6721,50226,619129,1153,10232
1562986800000,5523501,11793,65025,727420,2817,22478,5309012,27107,131739,5602974,15909,92304,64307,597,3609,3317741,20089,195544,3577291,6970,71136,3387908,5510,50215,620305,1176,8873
1563073200000,5531913,8412,63422,728816,1396,16159,5330051,21039,137983,5613564,10590,88995,64681,374,3288,3337934,20193,179393,3587745,10454,66521,3392953,5045,49647,621484,1179,8081
1563159600000,5538869,6956,62137,730240,1424,15779,5343811,13760,133488,5623535,9971,85478,64906,225,2553,3358851,20917,167853,3596586,8841,66991,3398119,5166,43381,622297,813,7637
1563246000000,5545889,7020,59407,731386,1146,13054,5359249,15438,129583,5632068,8533,82657,65159,253,2126,3382729,23878,163117,3609294,12708,70442,3403897,5778,41939,623778,1481,8129
1563332400000,5552090,6201,59562,733972,2586,13163,5373029,13780,131514,5644573,12505,82101,65382,223,2026,3423750,41021,174902,3618220,8926,68419,3427702,23805,59677,627493,3715,10673
1563418800000,5558932,6842,60018,735947,1975,13204,5388200,15171,128504,5663170,18597,85925,65587,205,2090,3452390,28640,178530,3631556,13336,70434,3443731,16029,68054,630916,3423,12940
1563505200000,5566938,8006,55230,739245,3298,14642,5402851,14651,120946,5675210,12040,88145,65767,180,2057,3477643,25253,179991,3640275,8719,69954,3455530,11799,73132,634351,3435,15222
1563591600000,5575842,8904,52341,746572,7327,19152,5428460,25609,119448,5684307,9097,81333,65967,200,1660,3516391,38748,198650,3655353,15078,78062,3464086,8556,76178,636514,2163,16209
1563678000000,5583888,8046,51975,751012,4440,22196,5447520,19060,117469,5690471,6164,76907,66135,168,1454,3552070,35679,214136,3667216,11863,79471,3482533,18447,89580,642883,6369,21399
1563764400000,5590779,6891,51910,754605,3593,24365,5460195,12675,116384,5697263,6792,73728,66521,386,1615,3582920,30850,224069,3675712,8496,79126,3497768,15235,99649,648495,5612,26198
1563850800000,5597233,6454,51344,758784,4179,27398,5473467,13272,114218,5703761,6498,71693,66747,226,1588,3611567,28647,228838,3692565,16853,83271,3507808,10040,103911,651410,2915,27632
1563937200000,5601803,4570,49713,763072,4288,29100,5485512,12045,112483,5709611,5850,65038,66936,189,1554,3636344,24777,212594,3712444,19879,94224,3516584,8776,88882,653273,1863,25780
1564023600000,5608770,6967,49838,765949,2877,30002,5497668,12156,109468,5714915,5304,51745,67686,750,2099,3659236,22892,206846,3730326,17882,98770,3523644,7060,79913,654739,1466,23823
1564110000000,5615674,6904,48736,769592,3643,30347,5508705,11037,105854,5719741,4826,44531,67889,203,2122,3683152,23916,205509,3751551,21225,111276,3529683,6039,74153,658677,3938,24326
1564196400000,5622915,7241,47073,771972,2380,25400,5552371,43666,123911,5724402,4661,40095,68158,269,2191,3710349,27197,193958,3782958,31407,127605,3536496,6813,72410,662877,4200,26363
1564282800000,5629794,6879,45906,773935,1963,22923,5579675,27304,132155,5735834,11432,45363,68473,315,2338,3735793,25444,183723,3812357,29399,145141,3545230,8734,62697,665168,2291,22285
1564369200000,5636735,6941,45956,775627,1692,21022,5594558,14883,134363,5748859,13025,51596,68777,304,2256,3760741,24948,177821,3836486,24129,160774,3556901,11671,59133,666810,1642,18315
1564455600000,5649546,6267,49697,777665,1079,15191,5620239,12361,136359,5761938,6710,53302,69289,321,2433,3797685,21195,170167,3913161,64785,210899,3573570,10718,59060,668956,1307,16202
1564542000000,5650478,4855,48675,777992,681,14920,5622015,12170,136503,5762974,6107,53363,69331,129,2395,3805514,22630,169170,3935588,46330,223144,3576254,8500,59670,669508,1826,16235
1564628400000,5655133,4655,46363,778538,546,12589,5633984,11969,136316,5768853,5879,53938,69479,148,1793,3827722,22208,168486,3975788,40200,245462,3583968,7714,60324,671212,1704,16473
1564714800000,5659788,4655,44114,779284,746,9692,5645515,11531,136810,5775311,6458,55570,69534,55,1645,3851443,23721,168291,4003176,27388,251625,3592560,8592,62877,673168,1956,14491
1564801200000,5664507,4719,41592,789211,9927,17239,5655680,10165,103309,5784200,8889,59798,69727,193,1569,3872330,20887,161981,4024291,21115,241333,3600011,7451,63515,680768,7600,17891
1564887600000,5669980,5473,40186,797087,7876,23152,5667530,11850,87855,5792978,8778,57144,69886,159,1413,4167005,294675,431212,4045775,21484,233418,3608122,8111,62892,684384,3616,19216
1564974000000,5675830,5850,39095,802439,5352,26812,5684019,16489,89461,5801112,8134,52253,70173,287,1396,4377717,210712,616976,4066897,21122,230411,3616735,8613,59834,687246,2862,20436
1565060400000,5682477,6647,39139,804827,2388,27925,5698117,14098,91816,5808515,7403,53191,70355,182,1226,4510937,133220,777628,4090615,23718,197000,3626497,9762,59255,689127,1881,20950
1565146800000,5689906,7429,39428,805977,1150,27985,5728595,30478,106580,5816645,8130,53671,71072,717,1741,4607000,96063,801486,4119060,28445,183472,3634838,8341,58584,690201,1074,20693
1565233200000,5697552,7646,42419,807723,1746,29185,5776697,48102,142713,5825414,8769,56561,71851,779,2372,4680831,73831,853109,4140925,21865,165137,3647781,12943,63813,690946,745,19734
1565319600000,5703567,6015,43779,810165,2442,30881,5808369,31672,162854,5833024,7610,57713,72302,451,2768,4727975,47144,876532,4161154,20229,157978,3665853,18072,73293,691912,966,18744
1565406000000,5708584,5017,44077,811385,1220,22174,5838224,29855,182544,5839367,6343,55167,72920,618,3193,4940290,212315,1067960,4180680,19526,156389,3678542,12689,78531,693035,1123,12267
1565492400000,5714047,5463,44067,812381,996,15294,5857560,19336,190030,5845223,5856,52245,73725,805,3839,5104880,164590,937875,4200230,19550,154455,3686968,8426,78846,694181,1146,9797
1565578800000,5719007,4960,43177,813253,872,10814,5877728,20168,193709,5850729,5506,49617,74812,1087,4639,5192434,87554,814717,4223641,23411,156744,3697173,10205,80438,695100,919,7854
1565665200000,5723944,4937,41467,814467,1214,9640,5899283,21555,201166,5859171,8442,50656,75373,561,5018,5250574,58140,739637,4251439,27798,160824,3709920,12747,83423,698763,3663,9636
1565751600000,5729226,5282,39320,815852,1385,9875,5960126,60843,231531,5870443,11272,53798,75858,485,4786,5308016,57442,701016,4306335,54896,187275,3723094,13174,88256,704848,6085,14647
1565838000000,5734875,5649,37323,816984,1132,9261,6003202,43076,226505,5881300,10857,55886,76284,426,4433,5332251,24235,651420,4347066,40731,206141,3738988,15894,91207,707128,2280,16182
1565924400000,5739730,4855,36163,817904,920,7739,6031364,28162,222995,5890703,9403,57679,76477,193,4175,5357552,25301,629577,4389851,42785,228697,3755255,16267,89402,708629,1501,16717
1566010800000,5744925,5195,36341,818671,767,7286,6047376,16012,209152,5897932,7229,58565,76615,138,3695,5374486,16934,434196,4423828,33977,243148,3771673,16418,93131,709688,1059,16653
1566097200000,5750168,5243,36121,819727,1056,7346,6073482,26106,215922,5904490,6558,59267,76917,302,3192,5402631,28145,297751,4448627,24799,248397,3820711,49038,133743,710993,1305,16812
1566183600000,5755400,5232,36393,821855,2128,8602,6086260,12778,208532,5911425,6935,60696,77309,392,2497,5432633,30002,240199,4474667,26040,251026,3840835,20124,143662,712303,1310,17203
1566270000000,5760555,5155,36611,823088,1233,8621,6102982,16722,203699,5926635,15210,67464,77544,235,2171,5461926,29293,211352,4504514,29847,253075,3860711,19876,150791,713536,1233,14773
1566356400000,5765268,4713,36042,824050,962,8198,6117836,14854,157710,5934821,8186,64378,77851,307,1993,5487413,25487,179397,4521625,17111,215290,3879786,19075,156692,714448,912,9600
1566442800000,5769733,4465,34858,825033,983,8049,6133632,15796,130430,5941929,7108,60629,78320,469,2036,5509537,22124,177286,4542095,20470,195029,3893560,13774,154572,716066,1618,8938
1566529200000,5795016,25283,55286,825730,697,7826,6153204,19572,121840,5948219,6290,57516,78657,337,2180,5530726,21189,173174,4558253,16158,168402,3904528,10968,149273,717161,1095,8532
1566615600000,5808466,13450,63541,826294,564,7623,6194445,41241,147069,5954250,6031,56318,78924,267,2309,5545293,14567,170807,4571769,13516,147941,3914990,10462,143317,718009,848,8321
1566702000000,5820473,12007,70305,826782,488,7055,6221691,27246,148209,5959827,5577,55337,79134,210,2217,5571576,26283,168945,4587325,15556,138698,3927823,12833,107112,718995,986,8002
1566788400000,5829282,8809,73882,827537,755,5682,6238376,16685,152116,5964981,5154,53556,79315,181,2006,5587009,15433,154376,4603359,16034,128692,3938609,10786,97774,719824,829,7521
1566874800000,5836401,7119,75846,828198,661,5110,6255444,17068,152462,5969376,4395,42741,79491,176,1947,5603397,16388,141471,4614836,11477,110322,3948073,9464,87362,720171,347,6635
1566961200000,5842723,6322,77455,828965,767,4915,6269895,14451,152059,5978240,8864,43419,79636,145,1785,5644941,41544,157528,4624591,9755,102966,3956294,8221,76508,720940,769,6492
1567047600000,5848595,5872,78862,829742,777,4709,6286257,16362,152625,5985952,7712,44023,79810,174,1490,5739082,94141,229545,4637001,12410,94906,3967899,11605,74339,721394,454,5328
1567134000000,5854218,5623,59202,830432,690,4702,6306917,20660,153713,5992297,6345,44078,80034,224,1377,5791662,52580,260936,4650945,13944,92692,3982503,14604,77975,722059,665,4898
1567220400000,5859775,5557,51309,831137,705,4843,6338303,31386,143858,6001910,9613,47660,80338,304,1414,5822056,30394,276763,4663408,12463,91639,3998262,15759,83272,722422,363,4413
1567306800000,5864926,5151,44453,831679,542,4897,6364700,26397,143009,6013384,11474,53557,80521,183,1387,5847443,25387,275867,4670973,7565,83648,4010109,11847,82286,723055,633,4060
1567393200000,5868471,3545,39189,832305,626,4768,6374588,9888,136212,6018736,5352,53755,80768,247,1453,5859135,11692,272126,4676951,5978,73592,4022206,12097,83597,723658,603,3834
1567479600000,5870692,2221,34291,832826,521,4628,6382893,8305,127449,6021811,3075,52435,80899,131,1408,5868924,9789,265527,4681706,4755,66870,4031450,9244,83377,723994,336,3823
1567566000000,5873794,3102,31071,833255,429,4290,6391640,8747,121745,6024988,3177,46748,81034,135,1398,5878190,9266,233249,4686649,4943,62058,4039777,8327,83483,724182,188,3242
1567652400000,5877090,3296,28495,833438,183,3696,6400436,8796,114179,6028089,3101,42137,81154,120,1344,5890517,12327,151435,4691518,4869,54517,4049089,9312,81190,724661,479,3267
1567738800000,5883022,5932,28804,833859,421,3427,6410328,9892,103411,6039019,10930,46722,81234,80,1200,5908034,17517,116372,4697606,6088,46661,4057721,8632,75218,724990,329,2931
1567825200000,5892889,9867,33114,834262,403,3125,6428860,18532,90557,6053535,14516,51625,81281,47,943,5928737,20703,106681,4706955,9349,43547,4071349,13628,73087,725290,300,2868
1567911600000,5902602,9713,37676,835950,1688,4271,6443001,14141,78301,6068615,15080,55231,81355,74,834,5943378,14641,95935,4716410,9455,45437,4078982,7633,68873,725960,670,2905
1567998000000,5909436,6834,40965,838359,2409,6054,6456796,13795,82208,6076805,8190,58069,81440,85,672,5957376,13998,98241,4722755,6345,45804,4093784,14802,71578,740885,14925,17227
1568084400000,5912679,3243,41987,839707,1348,6881,6464194,7398,81301,6081250,4445,59439,81474,34,575,5968773,11397,99849,4727799,5044,46093,4101582,7798,70132,749139,8254,25145
1568170800000,5915643,2964,41849,841473,1766,8218,6471597,7403,79957,6085313,4063,60325,81499,25,465,5977532,8759,99342,4732270,4471,45621,4109268,7686,69491,759944,10805,35762
1568257200000,5918153,2510,41063,844268,2795,10830,6478509,6912,78073,6088361,3048,60272,81534,35,380,5985449,7917,94932,4737921,5651,46403,4115645,6377,66556,766327,6383,41666
1568343600000,5926213,8060,43191,846538,2270,12679,6490427,11918,80099,6093129,4768,54110,81554,20,320,6013402,27953,105368,4747316,9395,49710,4122213,6568,64492,770783,4456,45793
1568430000000,5935721,9508,42832,848558,2020,14296,6519423,28996,90563,6120458,27329,66923,81602,48,321,6037748,24346,109011,4756412,9096,49457,4130130,7917,58781,774713,3930,49423
1568516400000,5942416,6695,39814,849988,1430,14038,6534323,14900,91322,6128805,8347,60190,81700,98,345,6057378,19630,114000,4763336,6924,46926,4138094,7964,59112,777429,2716,51469
1568602800000,5946794,4378,37358,852152,2164,13793,6548184,13861,91388,6135880,7075,59075,81778,78,338,6067114,9736,109738,4767643,4307,44888,4145621,7527,51837,780482,3053,39597
1568689200000,5949415,2621,36736,853309,1157,13602,6561266,13082,97072,6141459,5579,60209,82257,479,783,6080026,12912,111253,4771298,3655,43499,4150724,5103,49142,781937,1455,32798
1568775600000,5951790,2375,36147,854155,846,12682,6572592,11326,100995,6145410,3951,60097,82546,289,1047,6089443,9417,111911,4776030,4732,43760,4155497,4773,46229,782887,950,22943
1568862000000,5954246,2456,36093,855399,1244,11131,6581951,9359,103442,6149088,3678,60727,82742,196,1208,6102841,13398,117392,4781579,5549,43658,4163099,7602,47454,789209,6322,22882
1568948400000,5956926,2680,30713,856365,966,9827,6590413,8462,99986,6152331,3243,59202,82810,68,1256,6122433,19592,109031,4789419,7840,42103,4169067,5968,46854,792342,3133,21559
1569034800000,5960473,3547,24752,857102,737,8544,6600787,10374,81364,6153754,1423,33296,82880,70,1278,6138302,15869,100554,4798763,9344,42351,4174400,5333,44270,796136,3794,21423
1569121200000,5965741,5268,23325,858245,1143,8257,6618079,17292,83756,6161300,7546,32495,82979,99,1279,6158415,20113,101037,4818282,19519,54946,4181618,7218,43524,799004,2868,21575
1569207600000,5969789,4048,22995,859423,1178,7271,6631879,13800,83695,6166716,5416,30836,84367,1388,2589,6177517,19102,110403,4830105,11823,62462,4189518,7900,43897,800793,1789,20311
1569294000000,5971591,1802,22176,860403,980,7094,6637350,5471,76084,6168997,2281,27538,84725,358,2468,6187075,9558,107049,4836397,6292,65099,4193515,3997,42791,802963,2170,21026
1569380400000,5973793,2202,22003,861144,741,6989,6643446,6096,70854,6171283,2286,25873,84772,47,2226,6197575,10500,108132,4862553,26156,86523,4197898,4383,42401,805191,2228,22304
1569466800000,5976028,2235,21782,862112,968,6713,6649477,6031,67526,6173185,1902,24097,84823,51,2081,6205328,7753,102487,4887746,25193,106167,4202582,4684,39483,807583,2392,18374
1569553200000,5978117,2089,21191,863096,984,6731,6655442,5965,65029,6175791,2606,23460,84852,29,2042,6214361,9033,91928,4908857,21111,119438,4206254,3672,37187,809543,1960,17201
1569639600000,5981278,3161,20805,863959,863,6857,6663661,8219,62874,6179442,3651,25688,84907,55,2027,6222292,7931,83990,4931556,22699,132793,4215730,9476,41330,811210,1667,15074
1569726000000,5984959,3681,19218,864965,1006,6720,6672411,8750,54332,6183403,3961,22103,84944,37,1965,6233691,11399,75276,4943872,12316,125590,4224666,8936,43048,812807,1597,13803
1569812400000,5987456,2497,17667,866013,1048,6590,6680694,8283,48815,6186986,3583,20270,84971,27,604,6240907,7216,63390,4957743,13871,127638,4232653,7987,43135,813946,1139,13153
1569898800000,5997439,9983,25848,867028,1015,6625,6695023,14329,57673,6192580,5594,23583,85939,968,1214,6250815,9908,63740,5030867,73124,194470,4241320,8667,47805,815240,1294,12277
1569985200000,6007130,9691,33337,868211,1183,7067,6708478,13455,65032,6198844,6264,27561,87299,1360,2527,6267711,16896,70136,5075907,45040,213354,4249989,8669,52091,816628,1388,11437
1570071600000,6013003,5873,36975,869428,1217,7316,6743302,34824,93825,6211177,12333,37992,88069,770,3246,6278047,10336,72719,5100168,24261,212422,4255049,5060,52467,818713,2085,11130
1570158000000,6019053,6050,40936,870605,1177,7509,6767950,24648,112508,6222809,11632,47018,88443,374,3591,6293041,14994,78680,5111969,11801,203112,4262095,7046,55841,820371,1658,10828
1570244400000,6024890,5837,43612,871785,1180,7826,6784020,16070,120359,6231647,8838,52205,88650,207,3743,6307932,14891,85640,5123498,11529,191942,4271679,9584,55949,821922,1551,10712
1570330800000,6030957,6067,45998,873224,1439,8259,6803246,19226,130835,6247273,15626,63870,88862,212,3918,6323288,15356,89597,5135491,11993,191619,4281011,9332,56345,824260,2338,11453
1570417200000,6035872,4915,48416,875657,2433,9644,6820923,17677,140229,6257707,10434,70721,89121,259,4150,6336971,13683,96064,5143794,8303,186051,4288446,7435,55793,830734,6474,16788
1570503600000,6038527,2655,41088,877330,1673,10302,6829704,8781,134681,6263427,5720,70847,89431,310,3492,6344838,7867,94023,5149129,5335,118262,4294022,5576,52702,833392,2658,18152
1570590000000,6040546,2019,33416,878265,935,10054,6836835,7131,128357,6267465,4038,68621,89663,232,2364,6352811,7973,85100,5154978,5849,79071,4299696,5674,49707,835369,1977,18741
1570676400000,6042471,1925,29468,878932,667,9504,6844170,7335,100868,6271670,4205,60493,89759,96,1690,6361481,8670,83434,5161834,6856,61666,4305666,5970,50617,836562,1193,17849
1570762800000,6044403,1932,25350,879977,1045,9372,6848560,4390,80610,6274574,2904,51765,89845,86,1402,6365036,3555,71995,5165513,3679,53544,4308794,3128,46699,837409,847,17038
1570849200000,6046367,1964,21477,880661,684,8876,6859780,11220,75760,6283595,9021,51948,89913,68,1263,6372997,7961,65065,5171774,6261,48276,4312227,3433,40548,838294,885,16372
1570935600000,6048956,2589,17999,881466,805,8242,6869106,9326,65860,6294779,11184,47506,90008,95,1146,6379717,6720,56429,5175101,3327,39610,4315917,3690,34906,839474,1180,15214
1571022000000,6051703,2747,15831,882441,975,6784,6880347,11241,59424,6303104,8325,45397,90088,80,967,6389317,9600,52346,5178767,3666,34973,4320453,4536,32007,840388,914,9654
1571108400000,6053272,1569,14745,883346,905,6016,6885902,5555,56198,6306875,3771,43448,90156,68,725,6396737,7420,51899,5182160,3393,33031,4325165,4712,31143,841079,691,7687
1571194800000,6054778,1506,14232,884159,813,5894,6891131,5229,54296,6308618,1743,41153,90354,198,691,6403010,6273,50199,5185019,2859,30041,4329202,4037,29506,841655,576,6286
1571281200000,6056544,1766,14073,884869,710,5937,6896156,5025,51986,6310931,2313,39261,90622,268,863,6410044,7034,48563,5188059,3040,26225,4333260,4058,27594,843395,1740,6833
1571367600000,6055726,-818,11323,885645,776,5668,6901264,5108,52704,6313680,2749,39106,90800,178,955,6415593,5549,50557,5190713,2654,25200,4336661,3401,27867,844501,1106,7092
1571454000000,6045254,-10472,-1113,886321,676,5660,6909035,7771,49255,6319370,5690,35775,90967,167,1054,6424279,8686,51282,5193880,3167,22106,4340544,3883,28317,845297,796,7003
1571540400000,6037057,-8197,-11899,887033,712,5567,6922707,13672,53601,6327672,8302,32893,91237,270,1229,6451790,27511,72073,5198427,4547,23326,4345433,4889,29516,845980,683,6506
1571626800000,6034815,-2242,-16888,887692,659,5251,6932245,9538,51898,6332255,4583,29151,91386,149,1298,6461141,9351,71824,5201894,3467,23127,4349945,4512,29492,847211,1231,6823
1571713200000,6034428,-387,-18844,889272,1580,5926,6937850,5605,51948,6334579,2324,27704,91442,56,1286,6467416,6275,70679,5206484,4590,24324,4353418,3473,28253,848527,1316,7448
1571799600000,6031431,-2997,-23347,891160,1888,7001,6943808,5958,52677,6336082,1503,27464,91503,61,1149,6476426,9010,73416,5211233,4749,26214,4356372,2954,27170,849646,1119,7991
1571886000000,6032120,689,-24424,892648,1488,7779,6948766,4958,52610,6337988,1906,27057,91564,61,942,6492065,15639,82021,5214540,3307,26481,4359504,3132,26244,851161,1515,7766
1571972400000,6031970,-150,-23756,893963,1315,8318,6956735,7969,55471,6339259,1271,25579,91660,96,860,6503182,11117,87589,5217621,3081,26908,4362439,2935,25778,852247,1086,7746
1572058800000,6035877,3907,-9377,895065,1102,8744,6967605,10870,58570,6342794,3535,23424,91786,126,819,6512253,9071,87974,5222241,4620,28361,4365472,3033,24928,853132,885,7835
1572145200000,6039882,4005,2825,896077,1012,9044,6980951,13346,58244,6346924,4130,19252,91924,138,687,6570717,58464,118927,5226772,4531,28345,4371007,5535,25574,853826,694,7846
1572231600000,6042804,2922,7989,896939,862,9247,6990759,9808,58514,6350785,3861,18530,92031,107,645,6592581,21864,131440,5229543,2771,27649,4375693,4686,25748,854980,1154,7769
1572318000000,6044224,1420,9796,897661,722,8389,6995728,4969,57878,6356297,5512,21718,92100,69,658,6607417,14836,140001,5232105,2562,25621,4384029,8336,30611,855567,587,7040
1572404400000,6045643,1419,14212,898400,739,7240,7000276,4548,56468,6360037,3740,23955,92162,62,659,6615834,8417,139408,5234971,2866,23738,4389059,5030,32687,856041,474,6395
1572490800000,6045606,-37,13486,899106,706,6458,7005926,5650,57160,6362881,2844,24893,92207,45,643,6623243,7409,131178,5237659,2688,23119,4392617,3558,33113,856194,153,5033
1572577200000,6046053,447,14083,899733,627,5770,7012621,6695,55886,6365080,2199,25821,92250,43,590,6629862,6619,126680,5240407,2748,22786,4395432,2815,32993,856588,394,4341
1572663600000,6049686,3633,13809,900683,950,5618,7025355,12734,57750,6368117,3037,25323,92306,56,520,6635570,5708,123317,5244755,4348,22514,4398235,2803,32763,857408,820,4276
1572750000000,6053342,3656,13460,901879,1196,5802,7042677,17322,61726,6372993,4876,26069,92420,114,496,6641258,5688,70541,5250901,6146,24129,4401515,3280,30508,858942,1534,5116
1572836400000,6056359,3017,13555,902449,570,5510,7054126,11449,63367,6378339,5346,27554,92498,78,467,6649064,7806,56483,5253987,3086,24444,4411570,10055,35877,860822,1880,5842
1572922800000,6057923,1564,13699,903386,937,5725,7060574,6448,64846,6381267,2928,24970,92686,188,586,6654302,5238,46885,5256112,2125,24007,4417931,6361,33902,861539,717,5972
1573009200000,6059684,1761,14041,909558,6172,11158,7067205,6631,66929,6384166,2899,24129,92964,278,802,6657986,3684,42152,5257871,1759,22900,4422539,4608,33480,862153,614,6112
1573095600000,6061303,1619,15697,911529,1971,12423,7073345,6140,67419,6386407,2241,23526,93199,235,992,6663116,5130,39873,5260551,2680,22892,4426681,4142,34064,863167,1014,6973
1573182000000,6062158,855,16105,913617,2088,13884,7079467,6122,66846,6388267,1860,23187,93382,183,1132,6670870,7754,41008,5265804,5253,25397,4431051,4370,35619,863767,600,7179
1573268400000,6063900,1742,14214,915124,1507,14441,7106165,26698,80810,6391149,2882,23032,93513,131,1207,6680205,9335,44635,5273506,7702,28751,4435060,4009,36825,864316,549,6908
1573354800000,6067643,3743,14301,916631,1507,14752,7120235,14070,77558,6395897,4748,22904,93842,329,1422,6690691,10486,49433,5283974,10468,33073,4439459,4399,37944,865453,1137,6511
1573441200000,6070265,2622,13906,917820,1189,15371,7133639,13404,79513,6397830,1933,19491,93943,101,1445,6700050,9359,50986,5289726,5752,35739,4442631,3172,31061,866050,597,5228
1573527600000,6071783,1518,13860,919365,1545,15979,7140509,6870,79935,6399103,1273,17836,94053,110,1367,6705387,5337,51085,5293729,4003,37617,4446127,3496,28196,866536,486,4997
1573614000000,6073531,1748,13847,920588,1223,11030,7147868,7359,80663,6400530,1427,16364,94159,106,1195,6712659,7272,54673,5298855,5126,40984,4450117,3990,27578,867067,531,4914
1573700400000,6075119,1588,13816,920849,261,9320,7154569,6701,81224,6402655,2125,16248,94225,66,1026,6719084,6425,55968,5307636,8781,47085,4454129,4012,27448,867627,560,4460
1573786800000,6073865,-1254,11707,921171,322,7554,7161235,6666,81768,6404541,1886,16274,94260,35,878,6725920,6836,55050,5316251,8615,50447,4457169,3040,26118,868165,538,4398
1573873200000,6076258,2393,12358,922554,1383,7430,7173648,12413,67483,6407965,3424,16816,94264,4,751,6729978,4058,49773,5324428,8177,50922,4461249,4080,26189,869066,901,4750
1573959600000,6079773,3515,12130,924284,1730,7653,7190354,16706,70119,6419835,11870,23938,94352,88,510,6737253,7275,46562,5332682,8254,48708,4468262,7013,28803,870649,1583,5196
1574046000000,6082715,2942,12450,925407,1123,7587,7201807,11453,68168,6438381,18546,40551,94974,622,1031,6746978,9725,46928,5366144,33462,76418,4474212,5950,31581,871686,1037,5636
1574132400000,6084501,1786,12718,926603,1196,7238,7206861,5054,66352,6447932,9551,48829,95124,150,1071,6752985,6007,47598,5381062,14918,87333,4478723,4511,32596,879820,8134,13284
1574218800000,6085991,1490,12460,927485,882,6897,7210954,4093,63086,6453872,5940,53342,95229,105,1070,6758090,5105,45431,5389803,8741,90948,4481831,3108,31714,883590,3770,16523
1574305200000,6087605,1614,12486,928355,870,7506,7215288,4334,60719,6458108,4236,55453,95414,185,1189,6764967,6877,45883,5417504,27701,109868,4485559,3728,31430,885942,2352,18315
1574391600000,6089136,1531,15271,928952,597,7781,7219620,4332,58385,6463419,5311,58878,95530,116,1270,6772324,7357,46404,5452581,35077,136330,4490221,4662,33052,887701,1759,19536
1574478000000,6091520,2384,15262,930122,1170,7568,7227666,8046,54018,6470287,6868,62322,95623,93,1359,6785367,13043,55389,5494610,42029,170182,4494195,3974,32946,889466,1765,20400
1574564400000,6094863,3343,15090,931678,1556,7394,7240875,13209,50521,6476727,6440,56892,95749,126,1397,6795799,10432,58546,5528472,33862,195790,4498251,4056,29989,900703,11237,30054
1574650800000,6097535,2672,14820,933084,1406,7677,7252038,11163,50231,6481305,4578,42924,96228,479,1254,6806661,10862,59683,5539466,10994,173322,4503301,5050,29089,910029,9326,38343
1574737200000,6099189,1654,14688,933919,835,7316,7257378,5340,50517,6483538,2233,35606,96312,84,1188,6813237,6576,60252,5549415,9949,168353,4507113,3812,28390,916761,6732,36941
1574823600000,6100580,1391,14589,934729,810,7244,7262392,5014,51438,6485624,2086,31752,96390,78,1161,6822137,8900,64047,5558198,8783,168395,4510501,3388,28670,920985,4224,37395
1574910000000,6102057,1477,14452,941087,6358,12732,7267432,5040,52144,6487952,2328,29844,96451,61,1037,6831094,8957,66127,5565163,6965,147659,4515347,4846,29788,923583,2598,37641
1574996400000,6103660,1603,14524,946841,5754,17889,7272163,4731,52543,6491031,3079,27612,96509,58,979,6838168,7074,65844,5572243,7080,119662,4522856,7509,32635,925442,1859,37741
1575082800000,6106004,2344,14484,950644,3803,20522,7279720,7557,52054,6497533,6502,27246,96579,70,956,6849843,11675,64476,5583868,11625,89258,4531178,8322,36983,927458,2016,37992
1575169200000,6109807,3803,14944,953564,2920,21886,7290724,11004,49849,6505065,7532,28338,96720,141,971,6858960,9117,63161,5598754,14886,70282,4547500,16322,49249,930452,2994,29749
1575255600000,6112379,2572,14844,955939,2375,22855,7298539,7815,46501,6510384,5319,29079,96814,94,586,6868862,9902,62201,5606523,7769,67057,4558724,11224,55423,932557,2105,22528
1575342000000,6114084,1705,14895,957263,1324,23344,7302611,4072,45233,6513535,3151,29997,96877,63,565,6874706,5844,61469,5611290,4767,61875,4566337,7613,59224,934159,1602,17398
1575428400000,6115541,1457,14961,958389,1126,23660,7306561,3950,44169,6516430,2895,30806,96916,39,526,6881645,6939,59508,5616204,4914,58006,4572076,5739,61575,935418,1259,14433
1575514800000,6117202,1661,15145,959571,1182,18484,7310552,3991,43120,6519131,2701,31179,97143,227,692,6887578,5933,56484,5621706,5502,56543,4577417,5341,62070,936509,1091,12926
1575601200000,6119041,1839,15381,961106,1535,14265,7314450,3898,42287,6521609,2478,30578,97386,243,877,6896610,9032,58442,5627068,5362,54825,4582645,5228,59789,937837,1328,12395
1575687600000,6121731,2690,15727,962405,1299,11761,7332028,17578,52308,6525223,3614,27690,97542,156,963,6903282,6672,53439,5638935,11867,55067,4587430,4785,56252,938946,1109,11488
1575774000000,6125442,3711,15635,963516,1111,9952,7354410,22382,63686,6535041,9818,29976,97748,206,1028,6913499,10217,54539,5653509,14574,54755,4594676,7246,47176,940174,1228,9722
1575860400000,6128398,2956,16019,964648,1132,8709,7367850,13440,69311,6543073,8032,32689,97988,240,1174,6924585,11086,55723,5663632,10123,57109,4603618,8942,44894,941972,1798,9415
1575946800000,6130035,1637,15951,965530,882,8267,7373910,6060,71299,6548096,5023,34561,98101,113,1224,6931808,7223,57102,5670973,7341,59683,4610466,6848,44129,943612,1640,9453
1576033200000,6130698,663,15157,966483,953,8094,7378591,4681,72030,6551502,3406,35072,98137,36,1221,6940177,8369,58532,5682399,11426,66195,4617605,7139,45529,945113,1501,9695
1576119600000,6132017,1319,14815,967406,923,7835,7382487,3896,71935,6554169,2667,35038,98177,40,1034,6947354,7177,59776,5689931,7532,68225,4625121,7516,47704,946337,1224,9828
1576206000000,6132853,836,13812,968564,1158,7458,7386893,4406,72443,6556582,2413,34973,98218,41,832,6953168,5814,56558,5695813,5882,68745,4647551,22430,64906,947335,998,9498
1576292400000,6134114,1261,12383,969945,1381,7540,7393798,6905,61770,6560179,3597,34956,98254,36,712,6958592,5424,55310,5708942,13129,70007,4654852,7301,67422,948323,988,9377
1576378800000,6136231,2117,10789,972206,2261,8690,7407667,13869,53257,6564953,4774,29912,98295,41,547,6968862,10270,55363,5722115,13173,68606,4662761,7909,68085,950940,2617,10766
1576465200000,6138492,2261,10094,973944,1738,9296,7418532,10865,50682,6569346,4393,26273,98353,58,365,6972999,4137,48414,5729300,7185,65668,4671344,8583,67726,952721,1781,10749
1576551600000,6140053,1561,10018,975124,1180,9594,7422570,4038,48660,6571749,2403,23653,98401,48,300,6976614,3615,44806,5733476,4176,62503,4678196,6852,67730,953390,669,9778
1576638000000,6142093,2040,11395,976518,1394,10035,7426199,3629,47608,6573809,2060,22307,98443,42,306,6980488,3874,40311,5738846,5370,56447,4686073,7877,68468,955408,2018,10295
1576724400000,6143931,1838,11914,978363,1845,10957,7429791,3592,47304,6576218,2409,22049,98495,52,318,6988866,8378,41512,5742965,4119,53034,4695282,9209,70161,958756,3348,12419
1576810800000,6145650,1719,12797,980350,1987,11786,7433172,3381,46279,6578602,2384,22020,98519,24,301,6997159,8293,43991,5746041,3076,50228,4702498,7216,54947,960855,2099,13520
1576897200000,6148077,2427,13963,981553,1203,11608,7439212,6040,45414,6587407,8805,27228,98561,42,307,7009636,12477,51044,5752539,6498,43597,4708229,5731,53377,962094,1239,13771
1576983600000,6150849,2772,14618,982718,1165,10512,7450503,11291,42836,6595895,8488,30942,98672,111,377,7028028,18392,59166,5759830,7291,37715,4715861,7632,53100,963505,1411,12565
1577070000000,6153514,2665,15022,983822,1104,9878,7459703,9200,41171,6600651,4756,31305,98784,112,431,7040489,12461,67490,5763821,3991,34521,4724475,8614,53131,964762,1257,12041
1577156400000,6155327,1813,15274,985494,1672,10370,7463482,3779,40912,6603343,2692,31594,98853,69,452,7047200,6711,70586,5766464,2643,32988,4730358,5883,52162,968496,3734,15106
1577242800000,6157284,1957,15191,986798,1304,10280,7469251,5769,43052,6611766,8423,37957,98909,56,466,7053960,6760,73472,5768870,2406,30024,4736413,6055,50340,969985,1489,14577
1577329200000,6159335,2051,15404,988472,1674,10109,7477972,8721,48181,6619710,7944,43492,98999,90,504,7059749,5789,70883,5771429,2559,28464,4744533,8120,49251,970764,779,12008
1577415600000,6160961,1626,15311,990782,2310,10432,7485501,7529,52329,6628537,8827,49935,99104,105,585,7066007,6258,68848,5773333,1904,27292,4751602,7069,49104,992722,21958,31867
1577502000000,6163485,2524,15408,992000,1218,10447,7497629,12128,58417,6639209,10672,51802,99172,68,611,7073652,7645,64016,5774211,878,21672,4758546,6944,50317,1000081,7359,37987
1577588400000,6166810,3325,15961,993533,1533,10815,7517302,19673,66799,6650513,11304,54618,99251,79,579,7082805,9153,54777,5778675,4464,18845,4765983,7437,50122,1004824,4743,41319
1577674800000,6169801,2991,16287,994718,1185,10896,7531868,14566,72165,6667916,17403,67265,99284,33,500,7093779,10974,53290,5781120,2445,17299,4775501,9518,51026,1007989,3165,43227
1577761200000,6171731,1930,16404,995987,1269,10493,7540743,8875,77261,6684466,16550,81123,99358,74,505,7101391,7612,54191,5783939,2819,17475,4786590,11089,56232,1016830,8841,48334
1577847600000,6173629,1898,16345,997165,1178,10367,7550539,9796,81288,6699925,15459,88159,99507,149,598,7109686,8295,55726,5792052,8113,23182,4793477,6887,57064,1021144,4314,51159
1577934000000,6176314,2685,16979,998167,1002,9695,7564137,13598,86165,6712139,12214,92429,99702,195,703,7120573,10887,60824,5799558,7506,28129,4801363,7886,56830,1027386,6242,56622
1578020400000,6178479,2165,17518,1010381,12214,19599,7573059,8922,87558,6720614,8475,92077,99801,99,697,7128257,7684,62250,5804500,4942,31167,4807730,6367,56128,1031938,4552,39216
1578106800000,6180935,2456,17450,1021285,10904,29285,7610477,37418,112848,6729235,8621,90026,99872,71,700,7137497,9240,63845,5809000,4500,34789,4814162,6432,55616,1034464,2526,34383
1578193200000,6184051,3116,17241,1026185,4900,32652,7625627,15150,108325,6738743,9508,88230,99946,74,695,7146541,9044,63736,5815339,6339,36664,4821604,7442,55621,1036695,2231,31871
1578279600000,6186761,2710,16960,1029152,2967,34434,7641058,15431,109190,6746303,7560,78387,100242,296,958,7155914,9373,62135,5819701,4362,38581,4828074,6470,52573,1039066,2371,31077
1578366000000,6188490,1729,16759,1030790,1638,34803,7650485,9427,109742,6751698,5395,67232,100920,678,1562,7161745,5831,60354,5823775,4074,39836,4835363,7289,48773,1040904,1838,24074
1578452400000,6189452,962,15823,1032366,1576,35201,7678809,28324,128270,6771387,19689,71462,101456,536,1949,7183974,22229,74288,5827671,3896,35619,4841921,6558,48444,1062106,21202,40962
1578538800000,6191083,1631,14769,1033746,1380,35579,7690729,11920,126592,6778977,7590,66838,101691,235,1989,7194834,10860,74261,5835061,7390,35503,4847395,5474,46032,1066664,4558,39278
1578625200000,6197177,6094,18698,1034942,1196,24561,7701954,11225,128895,6784653,5676,64039,101852,161,2051,7208051,13217,79794,5839909,4848,35409,4852923,5528,45193,1070102,3438,38164
1578711600000,6204746,7569,23811,1036355,1413,15070,7735682,33728,125205,6792460,7807,63225,102001,149,2129,7223630,15579,86133,5844035,4126,35035,4861612,8689,47450,1072615,2513,38151
1578798000000,6210044,5298,25993,1043032,6677,16847,7752988,17306,127361,6801642,9182,62899,102232,231,2286,7239347,15717,92806,5849067,5032,33728,4872557,10945,50953,1079511,6896,42816
1578884400000,6214578,4534,27817,1046047,3015,16895,7771853,18865,130795,6813301,11659,66998,102390,158,2148,7256907,17560,100993,5853057,3990,33356,4884052,11495,55978,1083842,4331,44776
1578970800000,6217848,3270,29358,1048249,2202,17459,7786425,14572,135940,6821199,7898,69501,102526,136,1606,7269471,12564,107726,5856030,2973,32255,4891668,7616,56305,1087009,3167,46105
1579057200000,6220749,2901,31297,1050175,1926,17809,7801618,15193,122809,6829578,8379,58191,102633,107,1177,7284615,15144,100641,5858707,2677,31036,4899244,7576,57323,1089431,2422,27325
1579143600000,6224882,4133,33799,1052053,1878,18307,7845036,43418,154307,6837792,8214,58815,102732,99,1041,7298962,14347,104128,5861547,2840,26486,4906119,6875,58724,1091955,2524,25291
1579230000000,6242067,17185,44890,1053281,1228,18339,7876349,31313,174395,6847783,9991,63130,102859,127,1007,7316134,17172,108083,5863820,2273,23911,4913492,7373,60569,1095684,3729,25582
1579316400000,6252102,10035,47356,1054455,1174,18100,7907462,31113,171780,6855979,8196,63519,102972,113,971,7329658,13524,106028,5866778,2958,22743,4930052,16560,68440,1097622,1938,25007
1579402800000,6263688,11586,53644,1056110,1655,13078,7950288,42826,197300,6866825,10846,65183,103074,102,842,7346818,17160,107471,5870240,3462,21173,4943760,13708,71203,1104075,6453,24564
1579489200000,6272449,8761,57871,1058095,1985,12048,7984303,34015,212450,6876846,10021,63545,103190,116,800,7361574,14756,104667,5873723,3483,20666,4953117,9357,69065,1106864,2789,23022
1579575600000,6279611,7162,61763,1059714,1619,11465,8029476,45173,243051,6894000,17154,72801,103411,221,885,7376265,14691,106794,5881227,7504,25197,4961551,8434,69883,1108391,1527,21382
1579662000000,6285925,6314,65176,1062577,2863,12402,8062561,33085,260943,6905127,11127,75549,103660,249,1027,7392283,16018,107668,5887595,6368,28888,4970145,8594,70901,1111333,2942,21902
1579748400000,6291304,5379,66422,1065308,2731,13255,8077719,15158,232683,6916468,11341,78676,104008,348,1276,7402785,10502,103823,5893703,6108,32156,4980210,10065,74091,1115411,4078,23456
1579834800000,6296585,5281,54518,1067339,2031,14058,8103426,25707,227077,6931134,14666,83351,105027,1019,2168,7412926,10141,96792,5900168,6465,36348,4991088,10878,77596,1117902,2491,22218
1579921200000,6300138,3553,48036,1068566,1227,14111,8121809,18383,214347,6941290,10156,85311,105711,684,2739,7422110,9184,92452,5905746,5578,38968,4998808,7720,68756,1120241,2339,22619
1580007600000,6305120,4982,41432,1070040,1474,13930,8149701,27892,199413,6951043,9753,84218,106215,504,3141,7433414,11304,86596,5912910,7164,42670,5009814,11006,66054,1122270,2029,18195
